0.00000e+000	3.18915e-001	2.81989e-001	-2.17872e-001	-1.96352e-001	2.73000e+002
1.25000e-003	3.18915e-001	2.81989e-001	-2.17872e-001	-1.96352e-001	2.73000e+002
3.75000e-003	3.18806e-001	2.81989e-001	-2.17872e-001	-1.96352e-001	2.73000e+002
6.25000e-003	3.18574e-001	2.81989e-001	-2.17872e-001	-1.96352e-001	2.73000e+002
8.75000e-003	3.18247e-001	2.81989e-001	-2.17872e-001	-1.96352e-001	2.73000e+002
1.12500e-002	3.17819e-001	2.81989e-001	-2.17872e-001	-1.96352e-001	2.73000e+002
1.37500e-002	3.17315e-001	2.81989e-001	-2.17872e-001	-1.96352e-001	2.73000e+002
1.62500e-002	3.16758e-001	2.81989e-001	-2.17872e-001	-1.96352e-001	2.73000e+002
1.87500e-002	3.16135e-001	2.81989e-001	-2.17872e-001	-1.96352e-001	2.73000e+002
2.12500e-002	3.15407e-001	2.81989e-001	-2.17872e-001	-1.96352e-001	2.73000e+002
2.37500e-002	3.14559e-001	2.81989e-001	-2.17872e-001	-1.96352e-001	2.73000e+002
2.62500e-002	3.13707e-001	2.81989e-001	-2.17872e-001	-1.96352e-001	2.73000e+002
2.87500e-002	3.12861e-001	2.81989e-001	-2.17872e-001	-1.96352e-001	2.73000e+002
3.12500e-002	3.11757e-001	2.81989e-001	-2.17872e-001	-1.96352e-001	2.73000e+002
3.37500e-002	3.10383e-001	2.81989e-001	-2.17872e-001	-1.96352e-001	2.73000e+002
3.62500e-002	3.08999e-001	2.81989e-001	-2.17872e-001	-1.96352e-001	2.73000e+002
3.87500e-002	3.07554e-001	2.81989e-001	-2.17872e-001	-1.96352e-001	2.73000e+002
4.12500e-002	3.05976e-001	2.81989e-001	-2.17872e-001	-1.96352e-001	2.73000e+002
4.37500e-002	3.04270e-001	2.81989e-001	-2.17872e-001	-1.96352e-001	2.73000e+002
4.62500e-002	3.02511e-001	2.81989e-001	-2.17872e-001	-1.96352e-001	2.73000e+002
4.87500e-002	3.00754e-001	2.81989e-001	-2.17872e-001	-1.96352e-001	2.73000e+002
5.12500e-002	2.99058e-001	2.81989e-001	-2.17872e-001	-1.96352e-001	2.73000e+002
5.37500e-002	2.97502e-001	2.81989e-001	-2.17872e-001	-1.96352e-001	2.73000e+002
5.62500e-002	2.96219e-001	2.81989e-001	-2.17872e-001	-1.96352e-001	2.73000e+002
5.87500e-002	2.92697e-001	2.81989e-001	-2.17872e-001	-1.96352e-001	2.73000e+002
6.12500e-002	2.88347e-001	2.81989e-001	-2.17872e-001	-1.96352e-001	2.73000e+002
6.37500e-002	2.84375e-001	2.81989e-001	-2.17872e-001	-1.96352e-001	2.73000e+002
6.62500e-002	2.80448e-001	2.81989e-001	-2.17872e-001	-1.96352e-001	2.73000e+002
6.87500e-002	2.76475e-001	2.81989e-001	-2.17872e-001	-1.96352e-001	2.73000e+002
7.12500e-002	2.72342e-001	2.81989e-001	-2.17872e-001	-1.96352e-001	2.73000e+002
7.37500e-002	2.67570e-001	2.81989e-001	-2.17872e-001	-1.96352e-001	2.73000e+002
7.62500e-002	2.59917e-001	2.81989e-001	-2.17872e-001	-1.96352e-001	2.73000e+002
7.87500e-002	2.39128e-001	2.81989e-001	-2.17872e-001	-1.96352e-001	2.73000e+002
8.12500e-002	2.06148e-001	2.81989e-001	-2.17872e-001	-1.96352e-001	2.73000e+002
8.37500e-002	1.72377e-001	2.81989e-001	-2.17872e-001	-1.96352e-001	2.73000e+002
8.62500e-002	1.40377e-001	2.81989e-001	-2.17872e-001	-1.96352e-001	2.73000e+002
8.87500e-002	1.10803e-001	2.81989e-001	-2.17872e-001	-1.96352e-001	2.73000e+002
9.12500e-002	8.39041e-002	2.81989e-001	-2.17872e-001	-1.96352e-001	2.73000e+002
9.37500e-002	5.98892e-002	2.81989e-001	-2.17872e-001	-1.96352e-001	2.73000e+002
9.62500e-002	3.90512e-002	2.81989e-001	-2.17872e-001	-1.96352e-001	2.73000e+002
9.87500e-002	2.18506e-002	2.81989e-001	-2.17872e-001	-1.96352e-001	2.73000e+002
1.01250e-001	8.98578e-003	2.81989e-001	-2.17872e-001	-1.96352e-001	2.73000e+002
1.03750e-001	1.44503e-003	2.81989e-001	-2.17872e-001	-1.96352e-001	2.73000e+002
1.06250e-001	5.26667e-004	2.81989e-001	-2.17872e-001	-1.96352e-001	2.73000e+002
1.08750e-001	7.80695e-003	2.81989e-001	-2.17872e-001	-1.96352e-001	2.73000e+002
1.11250e-001	2.50350e-002	2.81989e-001	-2.17872e-001	-1.96352e-001	2.73000e+002
1.13750e-001	5.39292e-002	2.81989e-001	-2.17872e-001	-1.96352e-001	2.73000e+002
1.16250e-001	9.57997e-002	2.81989e-001	-2.17872e-001	-1.96352e-001	2.73000e+002
1.18750e-001	1.50594e-001	2.81989e-001	-2.17872e-001	-1.96352e-001	2.73000e+002
1.21250e-001	2.13196e-001	2.81989e-001	-2.17872e-001	-1.96352e-001	2.73000e+002
1.23750e-001	2.56764e-001	2.81989e-001	-2.17872e-001	-1.96352e-001	2.73000e+002
1.26250e-001	2.73696e-001	2.81989e-001	-2.17872e-001	-1.96352e-001	2.73000e+002
1.28750e-001	2.84758e-001	2.81989e-001	-2.17872e-001	-1.96352e-001	2.73000e+002
1.31250e-001	2.94700e-001	2.81989e-001	-2.17872e-001	-1.96352e-001	2.73000e+002
1.33750e-001	3.04547e-001	2.81989e-001	-2.17872e-001	-1.96352e-001	2.73000e+002
1.36250e-001	3.14546e-001	2.81989e-001	-2.17872e-001	-1.96352e-001	2.73000e+002
1.38750e-001	3.24918e-001	2.81989e-001	-2.17872e-001	-1.96352e-001	2.73000e+002
1.41250e-001	3.36556e-001	2.81989e-001	-2.17872e-001	-1.96352e-001	2.73000e+002
1.43750e-001	3.46184e-001	2.81989e-001	-2.17872e-001	-1.96352e-001	2.73000e+002
1.46250e-001	3.49832e-001	2.81989e-001	-2.17872e-001	-1.96352e-001	2.73000e+002
1.48750e-001	3.54304e-001	2.81989e-001	-2.17872e-001	-1.96352e-001	2.73000e+002
1.51250e-001	3.59242e-001	2.81989e-001	-2.17872e-001	-1.96352e-001	2.73000e+002
1.53750e-001	3.64425e-001	2.81989e-001	-2.17872e-001	-1.96352e-001	2.73000e+002
1.56250e-001	3.69694e-001	2.81989e-001	-2.17872e-001	-1.96352e-001	2.73000e+002
1.58750e-001	3.74884e-001	2.81989e-001	-2.17872e-001	-1.96352e-001	2.73000e+002
1.61250e-001	3.79750e-001	2.81989e-001	-2.17872e-001	-1.96352e-001	2.73000e+002
1.63750e-001	3.84273e-001	2.81989e-001	-2.17872e-001	-1.96352e-001	2.73000e+002
1.66250e-001	3.88678e-001	2.81989e-001	-2.17872e-001	-1.96352e-001	2.73000e+002
1.68750e-001	3.93139e-001	2.81989e-001	-2.17872e-001	-1.96352e-001	2.73000e+002
1.71250e-001	3.96807e-001	2.81989e-001	-2.17872e-001	-1.96352e-001	2.73000e+002
1.73750e-001	3.99702e-001	2.81989e-001	-2.17872e-001	-1.96352e-001	2.73000e+002
1.76250e-001	4.02683e-001	2.81989e-001	-2.17872e-001	-1.96352e-001	2.73000e+002
1.78750e-001	4.05714e-001	2.81989e-001	-2.17872e-001	-1.96352e-001	2.73000e+002
1.81250e-001	4.08398e-001	2.81989e-001	-2.17872e-001	-1.96352e-001	2.73000e+002
1.83750e-001	4.10792e-001	2.81989e-001	-2.17872e-001	-1.96352e-001	2.73000e+002
1.86250e-001	4.13037e-001	2.81989e-001	-2.17872e-001	-1.96352e-001	2.73000e+002
1.88750e-001	4.15196e-001	2.81989e-001	-2.17872e-001	-1.96352e-001	2.73000e+002
1.91250e-001	4.17196e-001	2.81989e-001	-2.17872e-001	-1.96352e-001	2.73000e+002
1.93750e-001	4.18961e-001	2.81989e-001	-2.17872e-001	-1.96352e-001	2.73000e+002
1.96250e-001	4.20536e-001	2.81989e-001	-2.17872e-001	-1.96352e-001	2.73000e+002
1.98750e-001	4.21602e-001	2.81989e-001	-2.17872e-001	-1.96352e-001	2.73000e+002
