0.00000e+000	5.58545e-001	3.93108e-001	-3.73527e-002	-3.99937e-002	2.73000e+002
1.25000e-003	5.58545e-001	3.93108e-001	-3.73527e-002	-3.99937e-002	2.73000e+002
3.75000e-003	5.58370e-001	3.93108e-001	-3.73527e-002	-3.99937e-002	2.73000e+002
6.25000e-003	5.57952e-001	3.93108e-001	-3.73527e-002	-3.99937e-002	2.73000e+002
8.75000e-003	5.57268e-001	3.93108e-001	-3.73527e-002	-3.99937e-002	2.73000e+002
1.12500e-002	5.56380e-001	3.93108e-001	-3.73527e-002	-3.99937e-002	2.73000e+002
1.37500e-002	5.55194e-001	3.93108e-001	-3.73527e-002	-3.99937e-002	2.73000e+002
1.62500e-002	5.53655e-001	3.93108e-001	-3.73527e-002	-3.99937e-002	2.73000e+002
1.87500e-002	5.52016e-001	3.93108e-001	-3.73527e-002	-3.99937e-002	2.73000e+002
2.12500e-002	5.50275e-001	3.93108e-001	-3.73527e-002	-3.99937e-002	2.73000e+002
2.37500e-002	5.48485e-001	3.93108e-001	-3.73527e-002	-3.99937e-002	2.73000e+002
2.62500e-002	5.46758e-001	3.93108e-001	-3.73527e-002	-3.99937e-002	2.73000e+002
2.87500e-002	5.45204e-001	3.93108e-001	-3.73527e-002	-3.99937e-002	2.73000e+002
3.12500e-002	5.41728e-001	3.93108e-001	-3.73527e-002	-3.99937e-002	2.73000e+002
3.37500e-002	5.36756e-001	3.93108e-001	-3.73527e-002	-3.99937e-002	2.73000e+002
3.62500e-002	5.31957e-001	3.93108e-001	-3.73527e-002	-3.99937e-002	2.73000e+002
3.87500e-002	5.27127e-001	3.93108e-001	-3.73527e-002	-3.99937e-002	2.73000e+002
4.12500e-002	5.22185e-001	3.93108e-001	-3.73527e-002	-3.99937e-002	2.73000e+002
4.37500e-002	5.17090e-001	3.93108e-001	-3.73527e-002	-3.99937e-002	2.73000e+002
4.62500e-002	5.11790e-001	3.93108e-001	-3.73527e-002	-3.99937e-002	2.73000e+002
4.87500e-002	5.06156e-001	3.93108e-001	-3.73527e-002	-3.99937e-002	2.73000e+002
5.12500e-002	4.99821e-001	3.93108e-001	-3.73527e-002	-3.99937e-002	2.73000e+002
5.37500e-002	4.91748e-001	3.93108e-001	-3.73527e-002	-3.99937e-002	2.73000e+002
5.62500e-002	4.79051e-001	3.93108e-001	-3.73527e-002	-3.99937e-002	2.73000e+002
5.87500e-002	4.53866e-001	3.93108e-001	-3.73527e-002	-3.99937e-002	2.73000e+002
6.12500e-002	4.16501e-001	3.93108e-001	-3.73527e-002	-3.99937e-002	2.73000e+002
6.37500e-002	3.75746e-001	3.93108e-001	-3.73527e-002	-3.99937e-002	2.73000e+002
6.62500e-002	3.34896e-001	3.93108e-001	-3.73527e-002	-3.99937e-002	2.73000e+002
6.87500e-002	2.95095e-001	3.93108e-001	-3.73527e-002	-3.99937e-002	2.73000e+002
7.12500e-002	2.56727e-001	3.93108e-001	-3.73527e-002	-3.99937e-002	2.73000e+002
7.37500e-002	2.19985e-001	3.93108e-001	-3.73527e-002	-3.99937e-002	2.73000e+002
7.62500e-002	1.85066e-001	3.93108e-001	-3.73527e-002	-3.99937e-002	2.73000e+002
7.87500e-002	1.52221e-001	3.93108e-001	-3.73527e-002	-3.99937e-002	2.73000e+002
8.12500e-002	1.21753e-001	3.93108e-001	-3.73527e-002	-3.99937e-002	2.73000e+002
8.37500e-002	9.39867e-002	3.93108e-001	-3.73527e-002	-3.99937e-002	2.73000e+002
8.62500e-002	6.92560e-002	3.93108e-001	-3.73527e-002	-3.99937e-002	2.73000e+002
8.87500e-002	4.78809e-002	3.93108e-001	-3.73527e-002	-3.99937e-002	2.73000e+002
9.12500e-002	3.01551e-002	3.93108e-001	-3.73527e-002	-3.99937e-002	2.73000e+002
9.37500e-002	1.63351e-002	3.93108e-001	-3.73527e-002	-3.99937e-002	2.73000e+002
9.62500e-002	6.63153e-003	3.93108e-001	-3.73527e-002	-3.99937e-002	2.73000e+002
9.87500e-002	1.20288e-003	3.93108e-001	-3.73527e-002	-3.99937e-002	2.73000e+002
1.01250e-001	1.50984e-004	3.93108e-001	-3.73527e-002	-3.99937e-002	2.73000e+002
1.03750e-001	3.51847e-003	3.93108e-001	-3.73527e-002	-3.99937e-002	2.73000e+002
1.06250e-001	1.12884e-002	3.93108e-001	-3.73527e-002	-3.99937e-002	2.73000e+002
1.08750e-001	2.33860e-002	3.93108e-001	-3.73527e-002	-3.99937e-002	2.73000e+002
1.11250e-001	3.96826e-002	3.93108e-001	-3.73527e-002	-3.99937e-002	2.73000e+002
1.13750e-001	6.00025e-002	3.93108e-001	-3.73527e-002	-3.99937e-002	2.73000e+002
1.16250e-001	8.41307e-002	3.93108e-001	-3.73527e-002	-3.99937e-002	2.73000e+002
1.18750e-001	1.11823e-001	3.93108e-001	-3.73527e-002	-3.99937e-002	2.73000e+002
1.21250e-001	1.42817e-001	3.93108e-001	-3.73527e-002	-3.99937e-002	2.73000e+002
1.23750e-001	1.76840e-001	3.93108e-001	-3.73527e-002	-3.99937e-002	2.73000e+002
1.26250e-001	2.13610e-001	3.93108e-001	-3.73527e-002	-3.99937e-002	2.73000e+002
1.28750e-001	2.52833e-001	3.93108e-001	-3.73527e-002	-3.99937e-002	2.73000e+002
1.31250e-001	2.94170e-001	3.93108e-001	-3.73527e-002	-3.99937e-002	2.73000e+002
1.33750e-001	3.37164e-001	3.93108e-001	-3.73527e-002	-3.99937e-002	2.73000e+002
1.36250e-001	3.81061e-001	3.93108e-001	-3.73527e-002	-3.99937e-002	2.73000e+002
1.38750e-001	4.24334e-001	3.93108e-001	-3.73527e-002	-3.99937e-002	2.73000e+002
1.41250e-001	4.63452e-001	3.93108e-001	-3.73527e-002	-3.99937e-002	2.73000e+002
1.43750e-001	4.89629e-001	3.93108e-001	-3.73527e-002	-3.99937e-002	2.73000e+002
1.46250e-001	5.02888e-001	3.93108e-001	-3.73527e-002	-3.99937e-002	2.73000e+002
1.48750e-001	5.11377e-001	3.93108e-001	-3.73527e-002	-3.99937e-002	2.73000e+002
1.51250e-001	5.18098e-001	3.93108e-001	-3.73527e-002	-3.99937e-002	2.73000e+002
1.53750e-001	5.24139e-001	3.93108e-001	-3.73527e-002	-3.99937e-002	2.73000e+002
1.56250e-001	5.29896e-001	3.93108e-001	-3.73527e-002	-3.99937e-002	2.73000e+002
1.58750e-001	5.35513e-001	3.93108e-001	-3.73527e-002	-3.99937e-002	2.73000e+002
1.61250e-001	5.41054e-001	3.93108e-001	-3.73527e-002	-3.99937e-002	2.73000e+002
1.63750e-001	5.46567e-001	3.93108e-001	-3.73527e-002	-3.99937e-002	2.73000e+002
1.66250e-001	5.52143e-001	3.93108e-001	-3.73527e-002	-3.99937e-002	2.73000e+002
1.68750e-001	5.58005e-001	3.93108e-001	-3.73527e-002	-3.99937e-002	2.73000e+002
1.71250e-001	5.62201e-001	3.93108e-001	-3.73527e-002	-3.99937e-002	2.73000e+002
1.73750e-001	5.64232e-001	3.93108e-001	-3.73527e-002	-3.99937e-002	2.73000e+002
1.76250e-001	5.66521e-001	3.93108e-001	-3.73527e-002	-3.99937e-002	2.73000e+002
1.78750e-001	5.68935e-001	3.93108e-001	-3.73527e-002	-3.99937e-002	2.73000e+002
1.81250e-001	5.71328e-001	3.93108e-001	-3.73527e-002	-3.99937e-002	2.73000e+002
1.83750e-001	5.73632e-001	3.93108e-001	-3.73527e-002	-3.99937e-002	2.73000e+002
1.86250e-001	5.75853e-001	3.93108e-001	-3.73527e-002	-3.99937e-002	2.73000e+002
1.88750e-001	5.77662e-001	3.93108e-001	-3.73527e-002	-3.99937e-002	2.73000e+002
1.91250e-001	5.79117e-001	3.93108e-001	-3.73527e-002	-3.99937e-002	2.73000e+002
1.93750e-001	5.80317e-001	3.93108e-001	-3.73527e-002	-3.99937e-002	2.73000e+002
1.96250e-001	5.81137e-001	3.93108e-001	-3.73527e-002	-3.99937e-002	2.73000e+002
1.98750e-001	5.81505e-001	3.93108e-001	-3.73527e-002	-3.99937e-002	2.73000e+002
