0.00000e+000	0.00000e+000	9.25781e-005
0.00000e+000	2.50000e-003	7.26563e-004
0.00000e+000	7.50000e-003	1.07813e-003
0.00000e+000	1.25000e-002	1.57618e-003
0.00000e+000	1.75000e-002	2.11813e-003
0.00000e+000	2.25000e-002	2.67183e-003
0.00000e+000	2.75000e-002	3.21788e-003
0.00000e+000	3.25000e-002	3.74413e-003
0.00000e+000	3.75000e-002	4.24316e-003
0.00000e+000	4.25000e-002	4.71059e-003
0.00000e+000	4.75000e-002	5.14386e-003
0.00000e+000	5.25000e-002	5.54152e-003
0.00000e+000	5.75000e-002	5.90276e-003
0.00000e+000	6.25000e-002	6.22710e-003
0.00000e+000	6.75000e-002	6.51427e-003
0.00000e+000	7.25000e-002	6.76412e-003
0.00000e+000	7.75000e-002	6.97656e-003
0.00000e+000	8.25000e-002	7.15154e-003
0.00000e+000	8.75000e-002	7.28904e-003
0.00000e+000	9.25000e-002	7.38905e-003
0.00000e+000	9.75000e-002	7.45156e-003
0.00000e+000	1.02500e-001	7.47656e-003
0.00000e+000	1.07500e-001	7.46407e-003
0.00000e+000	1.12500e-001	7.41408e-003
0.00000e+000	1.17500e-001	7.32658e-003
0.00000e+000	1.22500e-001	7.20158e-003
0.00000e+000	1.27500e-001	7.03907e-003
0.00000e+000	1.32500e-001	6.83901e-003
0.00000e+000	1.37500e-001	6.60136e-003
0.00000e+000	1.42500e-001	6.32603e-003
0.00000e+000	1.47500e-001	6.01287e-003
0.00000e+000	1.52500e-001	5.66160e-003
0.00000e+000	1.57500e-001	5.27177e-003
0.00000e+000	1.62500e-001	4.84254e-003
0.00000e+000	1.67500e-001	4.37246e-003
0.00000e+000	1.72500e-001	3.85900e-003
0.00000e+000	1.77500e-001	3.29775e-003
0.00000e+000	1.82500e-001	2.68130e-003
0.00000e+000	1.87500e-001	1.99750e-003
0.00000e+000	1.92500e-001	1.22695e-003
0.00000e+000	1.97500e-001	4.34762e-004

2.50000e-001	0.00000e+000	2.50000e-003
2.50000e-001	2.50000e-003	5.00000e-003
2.50000e-001	7.50000e-003	4.10231e-003
2.50000e-001	1.25000e-002	3.57321e-003
2.50000e-001	1.75000e-002	3.24448e-003
2.50000e-001	2.25000e-002	3.06025e-003
2.50000e-001	2.75000e-002	2.98255e-003
2.50000e-001	3.25000e-002	2.98307e-003
2.50000e-001	3.75000e-002	3.03979e-003
2.50000e-001	4.25000e-002	3.13552e-003
2.50000e-001	4.75000e-002	3.25723e-003
2.50000e-001	5.25000e-002	3.39561e-003
2.50000e-001	5.75000e-002	3.54435e-003
2.50000e-001	6.25000e-002	3.69939e-003
2.50000e-001	6.75000e-002	3.85822e-003
2.50000e-001	7.25000e-002	4.01929e-003
2.50000e-001	7.75000e-002	4.18167e-003
2.50000e-001	8.25000e-002	4.34481e-003
2.50000e-001	8.75000e-002	4.50836e-003
2.50000e-001	9.25000e-002	4.67215e-003
2.50000e-001	9.75000e-002	4.83605e-003
2.50000e-001	1.02500e-001	5.00000e-003
2.50000e-001	1.07500e-001	5.16395e-003
2.50000e-001	1.12500e-001	5.32785e-003
2.50000e-001	1.17500e-001	5.49164e-003
2.50000e-001	1.22500e-001	5.65519e-003
2.50000e-001	1.27500e-001	5.81833e-003
2.50000e-001	1.32500e-001	5.98071e-003
2.50000e-001	1.37500e-001	6.14178e-003
2.50000e-001	1.42500e-001	6.30061e-003
2.50000e-001	1.47500e-001	6.45565e-003
2.50000e-001	1.52500e-001	6.60439e-003
2.50000e-001	1.57500e-001	6.74277e-003
2.50000e-001	1.62500e-001	6.86448e-003
2.50000e-001	1.67500e-001	6.96021e-003
2.50000e-001	1.72500e-001	7.01693e-003
2.50000e-001	1.77500e-001	7.01745e-003
2.50000e-001	1.82500e-001	6.93975e-003
2.50000e-001	1.87500e-001	6.75552e-003
2.50000e-001	1.92500e-001	6.42679e-003
2.50000e-001	1.97500e-001	3.39769e-003

7.50000e-001	0.00000e+000	9.07816e-004
7.50000e-001	2.50000e-003	3.99923e-003
7.50000e-001	7.50000e-003	4.24161e-003
7.50000e-001	1.25000e-002	4.19423e-003
7.50000e-001	1.75000e-002	4.07935e-003
7.50000e-001	2.25000e-002	3.95100e-003
7.50000e-001	2.75000e-002	3.84071e-003
7.50000e-001	3.25000e-002	3.76571e-003
7.50000e-001	3.75000e-002	3.73264e-003
7.50000e-001	4.25000e-002	3.74094e-003
7.50000e-001	4.75000e-002	3.78586e-003
7.50000e-001	5.25000e-002	3.86068e-003
7.50000e-001	5.75000e-002	3.95828e-003
7.50000e-001	6.25000e-002	4.07218e-003
7.50000e-001	6.75000e-002	4.19715e-003
7.50000e-001	7.25000e-002	4.32934e-003
7.50000e-001	7.75000e-002	4.46609e-003
7.50000e-001	8.25000e-002	4.60565e-003
7.50000e-001	8.75000e-002	4.74692e-003
7.50000e-001	9.25000e-002	4.88918e-003
7.50000e-001	9.75000e-002	5.03198e-003
7.50000e-001	1.02500e-001	5.17503e-003
7.50000e-001	1.07500e-001	5.31807e-003
7.50000e-001	1.12500e-001	5.46087e-003
7.50000e-001	1.17500e-001	5.60308e-003
7.50000e-001	1.22500e-001	5.74421e-003
7.50000e-001	1.27500e-001	5.88346e-003
7.50000e-001	1.32500e-001	6.01955e-003
7.50000e-001	1.37500e-001	6.15045e-003
7.50000e-001	1.42500e-001	6.27302e-003
7.50000e-001	1.47500e-001	6.38254e-003
7.50000e-001	1.52500e-001	6.47234e-003
7.50000e-001	1.57500e-001	6.53333e-003
7.50000e-001	1.62500e-001	6.55384e-003
7.50000e-001	1.67500e-001	6.51932e-003
7.50000e-001	1.72500e-001	6.41180e-003
7.50000e-001	1.77500e-001	6.20936e-003
7.50000e-001	1.82500e-001	5.88491e-003
7.50000e-001	1.87500e-001	5.40014e-003
7.50000e-001	1.92500e-001	4.59630e-003
7.50000e-001	1.97500e-001	1.19620e-003

1.25000e+000	0.00000e+000	8.01155e-004
1.25000e+000	2.50000e-003	3.57321e-003
1.25000e+000	7.50000e-003	4.03773e-003
1.25000e+000	1.25000e-002	4.24657e-003
1.25000e+000	1.75000e-002	4.35391e-003
1.25000e+000	2.25000e-002	4.39360e-003
1.25000e+000	2.75000e-002	4.39110e-003
1.25000e+000	3.25000e-002	4.36667e-003
1.25000e+000	3.75000e-002	4.33687e-003
1.25000e+000	4.25000e-002	4.31488e-003
1.25000e+000	4.75000e-002	4.31009e-003
1.25000e+000	5.25000e-002	4.32768e-003
1.25000e+000	5.75000e-002	4.36898e-003
1.25000e+000	6.25000e-002	4.43243e-003
1.25000e+000	6.75000e-002	4.51469e-003
1.25000e+000	7.25000e-002	4.61172e-003
1.25000e+000	7.75000e-002	4.71952e-003
1.25000e+000	8.25000e-002	4.83474e-003
1.25000e+000	8.75000e-002	4.95479e-003
1.25000e+000	9.25000e-002	5.07780e-003
1.25000e+000	9.75000e-002	5.20248e-003
1.25000e+000	1.02500e-001	5.32785e-003
1.25000e+000	1.07500e-001	5.45311e-003
1.25000e+000	1.12500e-001	5.57739e-003
1.25000e+000	1.17500e-001	5.69959e-003
1.25000e+000	1.22500e-001	5.81811e-003
1.25000e+000	1.27500e-001	5.93062e-003
1.25000e+000	1.32500e-001	6.03370e-003
1.25000e+000	1.37500e-001	6.12263e-003
1.25000e+000	1.42500e-001	6.19126e-003
1.25000e+000	1.47500e-001	6.23202e-003
1.25000e+000	1.52500e-001	6.23619e-003
1.25000e+000	1.57500e-001	6.19446e-003
1.25000e+000	1.62500e-001	6.09765e-003
1.25000e+000	1.67500e-001	5.93782e-003
1.25000e+000	1.72500e-001	5.70861e-003
1.25000e+000	1.77500e-001	5.40422e-003
1.25000e+000	1.82500e-001	5.01626e-003
1.25000e+000	1.87500e-001	4.52633e-003
1.25000e+000	1.92500e-001	3.81368e-003
1.25000e+000	1.97500e-001	9.05589e-004

1.75000e+000	0.00000e+000	7.63622e-004
1.75000e+000	2.50000e-003	3.40215e-003
1.75000e+000	7.50000e-003	3.91034e-003
1.75000e+000	1.25000e-002	4.20269e-003
1.75000e+000	1.75000e-002	4.40319e-003
1.75000e+000	2.25000e-002	4.54019e-003
1.75000e+000	2.75000e-002	4.63048e-003
1.75000e+000	3.25000e-002	4.68612e-003
1.75000e+000	3.75000e-002	4.71697e-003
1.75000e+000	4.25000e-002	4.73190e-003
1.75000e+000	4.75000e-002	4.73917e-003
1.75000e+000	5.25000e-002	4.74654e-003
1.75000e+000	5.75000e-002	4.76086e-003
1.75000e+000	6.25000e-002	4.78743e-003
1.75000e+000	6.75000e-002	4.82935e-003
1.75000e+000	7.25000e-002	4.88746e-003
1.75000e+000	7.75000e-002	4.96071e-003
1.75000e+000	8.25000e-002	5.04675e-003
1.75000e+000	8.75000e-002	5.14265e-003
1.75000e+000	9.25000e-002	5.24540e-003
1.75000e+000	9.75000e-002	5.35229e-003
1.75000e+000	1.02500e-001	5.46088e-003
1.75000e+000	1.07500e-001	5.56893e-003
1.75000e+000	1.12500e-001	5.67400e-003
1.75000e+000	1.17500e-001	5.77318e-003
1.75000e+000	1.22500e-001	5.86277e-003
1.75000e+000	1.27500e-001	5.93816e-003
1.75000e+000	1.32500e-001	5.99393e-003
1.75000e+000	1.37500e-001	6.02412e-003
1.75000e+000	1.42500e-001	6.02273e-003
1.75000e+000	1.47500e-001	5.98448e-003
1.75000e+000	1.52500e-001	5.90554e-003
1.75000e+000	1.57500e-001	5.78402e-003
1.75000e+000	1.62500e-001	5.61962e-003
1.75000e+000	1.67500e-001	5.41291e-003
1.75000e+000	1.72500e-001	5.16407e-003
1.75000e+000	1.77500e-001	4.87099e-003
1.75000e+000	1.82500e-001	4.52560e-003
1.75000e+000	1.87500e-001	4.10482e-003
1.75000e+000	1.92500e-001	3.49425e-003
1.75000e+000	1.97500e-001	8.01528e-004

2.25000e+000	0.00000e+000	7.48938e-004
2.25000e+000	2.50000e-003	3.33275e-003
2.25000e+000	7.50000e-003	3.85559e-003
2.25000e+000	1.25000e-002	4.17601e-003
2.25000e+000	1.75000e-002	4.41080e-003
2.25000e+000	2.25000e-002	4.58970e-003
2.25000e+000	2.75000e-002	4.72770e-003
2.25000e+000	3.25000e-002	4.83388e-003
2.25000e+000	3.75000e-002	4.91467e-003
2.25000e+000	4.25000e-002	4.97526e-003
2.25000e+000	4.75000e-002	5.02026e-003
2.25000e+000	5.25000e-002	5.05412e-003
2.25000e+000	5.75000e-002	5.08131e-003
2.25000e+000	6.25000e-002	5.10640e-003
2.25000e+000	6.75000e-002	5.13395e-003
2.25000e+000	7.25000e-002	5.16812e-003
2.25000e+000	7.75000e-002	5.21205e-003
2.25000e+000	8.25000e-002	5.26738e-003
2.25000e+000	8.75000e-002	5.33399e-003
2.25000e+000	9.25000e-002	5.41015e-003
2.25000e+000	9.75000e-002	5.49277e-003
2.25000e+000	1.02500e-001	5.57791e-003
2.25000e+000	1.07500e-001	5.66114e-003
2.25000e+000	1.12500e-001	5.73764e-003
2.25000e+000	1.17500e-001	5.80213e-003
2.25000e+000	1.22500e-001	5.84922e-003
2.25000e+000	1.27500e-001	5.87394e-003
2.25000e+000	1.32500e-001	5.87217e-003
2.25000e+000	1.37500e-001	5.84111e-003
2.25000e+000	1.42500e-001	5.77960e-003
2.25000e+000	1.47500e-001	5.68795e-003
2.25000e+000	1.52500e-001	5.56749e-003
2.25000e+000	1.57500e-001	5.41997e-003
2.25000e+000	1.62500e-001	5.24695e-003
2.25000e+000	1.67500e-001	5.04913e-003
2.25000e+000	1.72500e-001	4.82541e-003
2.25000e+000	1.77500e-001	4.57121e-003
2.25000e+000	1.82500e-001	4.27485e-003
2.25000e+000	1.87500e-001	3.90773e-003
2.25000e+000	1.92500e-001	3.35502e-003
2.25000e+000	1.97500e-001	7.55786e-004

2.75000e+000	0.00000e+000	7.44669e-004
2.75000e+000	2.50000e-003	3.31005e-003
2.75000e+000	7.50000e-003	3.83817e-003
2.75000e+000	1.25000e-002	4.16896e-003
2.75000e+000	1.75000e-002	4.41743e-003
2.75000e+000	2.25000e-002	4.61462e-003
2.75000e+000	2.75000e-002	4.77542e-003
2.75000e+000	3.25000e-002	4.90822e-003
2.75000e+000	3.75000e-002	5.01837e-003
2.75000e+000	4.25000e-002	5.10972e-003
2.75000e+000	4.75000e-002	5.18531e-003
2.75000e+000	5.25000e-002	5.24781e-003
2.75000e+000	5.75000e-002	5.29968e-003
2.75000e+000	6.25000e-002	5.34339e-003
2.75000e+000	6.75000e-002	5.38149e-003
2.75000e+000	7.25000e-002	5.41665e-003
2.75000e+000	7.75000e-002	5.45163e-003
2.75000e+000	8.25000e-002	5.48902e-003
2.75000e+000	8.75000e-002	5.53070e-003
2.75000e+000	9.25000e-002	5.57717e-003
2.75000e+000	9.75000e-002	5.62690e-003
2.75000e+000	1.02500e-001	5.67636e-003
2.75000e+000	1.07500e-001	5.72059e-003
2.75000e+000	1.12500e-001	5.75401e-003
2.75000e+000	1.17500e-001	5.77132e-003
2.75000e+000	1.22500e-001	5.76855e-003
2.75000e+000	1.27500e-001	5.74358e-003
2.75000e+000	1.32500e-001	5.69594e-003
2.75000e+000	1.37500e-001	5.62642e-003
2.75000e+000	1.42500e-001	5.53645e-003
2.75000e+000	1.47500e-001	5.42771e-003
2.75000e+000	1.52500e-001	5.30174e-003
2.75000e+000	1.57500e-001	5.15962e-003
2.75000e+000	1.62500e-001	5.00165e-003
2.75000e+000	1.67500e-001	4.82688e-003
2.75000e+000	1.72500e-001	4.63234e-003
2.75000e+000	1.77500e-001	4.41142e-003
2.75000e+000	1.82500e-001	4.15019e-003
2.75000e+000	1.87500e-001	3.81728e-003
2.75000e+000	1.92500e-001	3.29716e-003
2.75000e+000	1.97500e-001	7.36064e-004

3.25000e+000	0.00000e+000	7.45515e-004
3.25000e+000	2.50000e-003	3.31048e-003
3.25000e+000	7.50000e-003	3.84036e-003
3.25000e+000	1.25000e-002	4.17501e-003
3.25000e+000	1.75000e-002	4.42907e-003
3.25000e+000	2.25000e-002	4.63444e-003
3.25000e+000	2.75000e-002	4.80619e-003
3.25000e+000	3.25000e-002	4.95254e-003
3.25000e+000	3.75000e-002	5.07856e-003
3.25000e+000	4.25000e-002	5.18762e-003
3.25000e+000	4.75000e-002	5.28218e-003
3.25000e+000	5.25000e-002	5.36416e-003
3.25000e+000	5.75000e-002	5.43516e-003
3.25000e+000	6.25000e-002	5.49658e-003
3.25000e+000	6.75000e-002	5.54966e-003
3.25000e+000	7.25000e-002	5.59553e-003
3.25000e+000	7.75000e-002	5.63513e-003
3.25000e+000	8.25000e-002	5.66912e-003
3.25000e+000	8.75000e-002	5.69769e-003
3.25000e+000	9.25000e-002	5.72059e-003
3.25000e+000	9.75000e-002	5.73708e-003
3.25000e+000	1.02500e-001	5.74566e-003
3.25000e+000	1.07500e-001	5.74399e-003
3.25000e+000	1.12500e-001	5.72972e-003
3.25000e+000	1.17500e-001	5.70135e-003
3.25000e+000	1.22500e-001	5.65831e-003
3.25000e+000	1.27500e-001	5.60077e-003
3.25000e+000	1.32500e-001	5.52942e-003
3.25000e+000	1.37500e-001	5.44522e-003
3.25000e+000	1.42500e-001	5.34915e-003
3.25000e+000	1.47500e-001	5.24199e-003
3.25000e+000	1.52500e-001	5.12419e-003
3.25000e+000	1.57500e-001	4.99564e-003
3.25000e+000	1.62500e-001	4.85542e-003
3.25000e+000	1.67500e-001	4.70139e-003
3.25000e+000	1.72500e-001	4.52940e-003
3.25000e+000	1.77500e-001	4.33171e-003
3.25000e+000	1.82500e-001	4.09323e-003
3.25000e+000	1.87500e-001	3.78118e-003
3.25000e+000	1.92500e-001	3.27944e-003
3.25000e+000	1.97500e-001	7.29145e-004

3.75000e+000	0.00000e+000	7.48972e-004
3.75000e+000	2.50000e-003	3.32295e-003
3.75000e+000	7.50000e-003	3.85282e-003
3.75000e+000	1.25000e-002	4.18812e-003
3.75000e+000	1.75000e-002	4.44367e-003
3.75000e+000	2.25000e-002	4.65194e-003
3.75000e+000	2.75000e-002	4.82819e-003
3.75000e+000	3.25000e-002	4.98067e-003
3.75000e+000	3.75000e-002	5.11430e-003
3.75000e+000	4.25000e-002	5.23230e-003
3.75000e+000	4.75000e-002	5.33683e-003
3.75000e+000	5.25000e-002	5.42946e-003
3.75000e+000	5.75000e-002	5.51132e-003
3.75000e+000	6.25000e-002	5.58323e-003
3.75000e+000	6.75000e-002	5.64570e-003
3.75000e+000	7.25000e-002	5.69889e-003
3.75000e+000	7.75000e-002	5.74253e-003
3.75000e+000	8.25000e-002	5.77570e-003
3.75000e+000	8.75000e-002	5.79686e-003
3.75000e+000	9.25000e-002	5.80434e-003
3.75000e+000	9.75000e-002	5.79720e-003
3.75000e+000	1.02500e-001	5.77555e-003
3.75000e+000	1.07500e-001	5.74018e-003
3.75000e+000	1.12500e-001	5.69264e-003
3.75000e+000	1.17500e-001	5.63496e-003
3.75000e+000	1.22500e-001	5.56879e-003
3.75000e+000	1.27500e-001	5.49508e-003
3.75000e+000	1.32500e-001	5.41435e-003
3.75000e+000	1.37500e-001	5.32686e-003
3.75000e+000	1.42500e-001	5.23270e-003
3.75000e+000	1.47500e-001	5.13172e-003
3.75000e+000	1.52500e-001	5.02346e-003
3.75000e+000	1.57500e-001	4.90695e-003
3.75000e+000	1.62500e-001	4.78048e-003
3.75000e+000	1.67500e-001	4.64117e-003
3.75000e+000	1.72500e-001	4.48420e-003
3.75000e+000	1.77500e-001	4.30118e-003
3.75000e+000	1.82500e-001	4.07637e-003
3.75000e+000	1.87500e-001	3.77616e-003
3.75000e+000	1.92500e-001	3.28388e-003
3.75000e+000	1.97500e-001	7.29400e-004

4.25000e+000	0.00000e+000	7.53700e-004
4.25000e+000	2.50000e-003	3.34151e-003
4.25000e+000	7.50000e-003	3.86984e-003
4.25000e+000	1.25000e-002	4.20345e-003
4.25000e+000	1.75000e-002	4.45762e-003
4.25000e+000	2.25000e-002	4.66527e-003
4.25000e+000	2.75000e-002	4.84180e-003
4.25000e+000	3.25000e-002	4.99550e-003
4.25000e+000	3.75000e-002	5.13126e-003
4.25000e+000	4.25000e-002	5.25216e-003
4.25000e+000	4.75000e-002	5.36023e-003
4.25000e+000	5.25000e-002	5.45677e-003
4.25000e+000	5.75000e-002	5.54262e-003
4.25000e+000	6.25000e-002	5.61819e-003
4.25000e+000	6.75000e-002	5.68352e-003
4.25000e+000	7.25000e-002	5.73817e-003
4.25000e+000	7.75000e-002	5.78119e-003
4.25000e+000	8.25000e-002	5.81106e-003
4.25000e+000	8.75000e-002	5.82589e-003
4.25000e+000	9.25000e-002	5.82415e-003
4.25000e+000	9.75000e-002	5.80545e-003
4.25000e+000	1.02500e-001	5.77073e-003
4.25000e+000	1.07500e-001	5.72192e-003
4.25000e+000	1.12500e-001	5.66169e-003
4.25000e+000	1.17500e-001	5.59307e-003
4.25000e+000	1.22500e-001	5.51855e-003
4.25000e+000	1.27500e-001	5.43960e-003
4.25000e+000	1.32500e-001	5.35684e-003
4.25000e+000	1.37500e-001	5.27031e-003
4.25000e+000	1.42500e-001	5.17967e-003
4.25000e+000	1.47500e-001	5.08429e-003
4.25000e+000	1.52500e-001	4.98317e-003
4.25000e+000	1.57500e-001	4.87486e-003
4.25000e+000	1.62500e-001	4.75717e-003
4.25000e+000	1.67500e-001	4.62680e-003
4.25000e+000	1.72500e-001	4.47852e-003
4.25000e+000	1.77500e-001	4.30353e-003
4.25000e+000	1.82500e-001	4.08568e-003
4.25000e+000	1.87500e-001	3.79083e-003
4.25000e+000	1.92500e-001	3.30174e-003
4.25000e+000	1.97500e-001	7.34280e-004

4.75000e+000	0.00000e+000	7.58758e-004
4.75000e+000	2.50000e-003	3.36203e-003
4.75000e+000	7.50000e-003	3.88760e-003
4.75000e+000	1.25000e-002	4.21780e-003
4.75000e+000	1.75000e-002	4.46850e-003
4.75000e+000	2.25000e-002	4.67302e-003
4.75000e+000	2.75000e-002	4.84693e-003
4.75000e+000	3.25000e-002	4.99856e-003
4.75000e+000	3.75000e-002	5.13277e-003
4.75000e+000	4.25000e-002	5.25257e-003
4.75000e+000	4.75000e-002	5.35987e-003
4.75000e+000	5.25000e-002	5.45584e-003
4.75000e+000	5.75000e-002	5.54109e-003
4.75000e+000	6.25000e-002	5.61581e-003
4.75000e+000	6.75000e-002	5.67974e-003
4.75000e+000	7.25000e-002	5.73220e-003
4.75000e+000	7.75000e-002	5.77211e-003
4.75000e+000	8.25000e-002	5.79807e-003
4.75000e+000	8.75000e-002	5.80875e-003
4.75000e+000	9.25000e-002	5.80343e-003
4.75000e+000	9.75000e-002	5.78238e-003
4.75000e+000	1.02500e-001	5.74676e-003
4.75000e+000	1.07500e-001	5.69832e-003
4.75000e+000	1.12500e-001	5.63929e-003
4.75000e+000	1.17500e-001	5.57220e-003
4.75000e+000	1.22500e-001	5.49937e-003
4.75000e+000	1.27500e-001	5.42244e-003
4.75000e+000	1.32500e-001	5.34225e-003
4.75000e+000	1.37500e-001	5.25897e-003
4.75000e+000	1.42500e-001	5.17224e-003
4.75000e+000	1.47500e-001	5.08131e-003
4.75000e+000	1.52500e-001	4.98501e-003
4.75000e+000	1.57500e-001	4.88166e-003
4.75000e+000	1.62500e-001	4.76885e-003
4.75000e+000	1.67500e-001	4.64304e-003
4.75000e+000	1.72500e-001	4.49875e-003
4.75000e+000	1.77500e-001	4.32698e-003
4.75000e+000	1.82500e-001	4.11128e-003
4.75000e+000	1.87500e-001	3.81717e-003
4.75000e+000	1.92500e-001	3.32687e-003
4.75000e+000	1.97500e-001	7.41906e-004

5.25000e+000	0.00000e+000	7.63410e-004
5.25000e+000	2.50000e-003	3.38128e-003
5.25000e+000	7.50000e-003	3.90360e-003
5.25000e+000	1.25000e-002	4.22956e-003
5.25000e+000	1.75000e-002	4.47573e-003
5.25000e+000	2.25000e-002	4.67580e-003
5.25000e+000	2.75000e-002	4.84548e-003
5.25000e+000	3.25000e-002	4.99317e-003
5.25000e+000	3.75000e-002	5.12376e-003
5.25000e+000	4.25000e-002	5.24022e-003
5.25000e+000	4.75000e-002	5.34441e-003
5.25000e+000	5.25000e-002	5.43741e-003
5.25000e+000	5.75000e-002	5.51974e-003
5.25000e+000	6.25000e-002	5.59148e-003
5.25000e+000	6.75000e-002	5.65233e-003
5.25000e+000	7.25000e-002	5.70162e-003
5.25000e+000	7.75000e-002	5.73846e-003
5.25000e+000	8.25000e-002	5.76192e-003
5.25000e+000	8.75000e-002	5.77131e-003
5.25000e+000	9.25000e-002	5.76655e-003
5.25000e+000	9.75000e-002	5.74821e-003
5.25000e+000	1.02500e-001	5.71732e-003
5.25000e+000	1.07500e-001	5.67519e-003
5.25000e+000	1.12500e-001	5.62333e-003
5.25000e+000	1.17500e-001	5.56350e-003
5.25000e+000	1.22500e-001	5.49743e-003
5.25000e+000	1.27500e-001	5.42654e-003
5.25000e+000	1.32500e-001	5.35167e-003
5.25000e+000	1.37500e-001	5.27311e-003
5.25000e+000	1.42500e-001	5.19064e-003
5.25000e+000	1.47500e-001	5.10354e-003
5.25000e+000	1.52500e-001	5.01064e-003
5.25000e+000	1.57500e-001	4.91022e-003
5.25000e+000	1.62500e-001	4.79979e-003
5.25000e+000	1.67500e-001	4.67571e-003
5.25000e+000	1.72500e-001	4.53242e-003
5.25000e+000	1.77500e-001	4.36074e-003
5.25000e+000	1.82500e-001	4.14412e-003
5.25000e+000	1.87500e-001	3.84781e-003
5.25000e+000	1.92500e-001	3.35364e-003
5.25000e+000	1.97500e-001	7.50396e-004

5.75000e+000	0.00000e+000	7.67184e-004
5.75000e+000	2.50000e-003	3.39719e-003
5.75000e+000	7.50000e-003	3.91648e-003
5.75000e+000	1.25000e-002	4.23834e-003
5.75000e+000	1.75000e-002	4.47997e-003
5.75000e+000	2.25000e-002	4.67537e-003
5.75000e+000	2.75000e-002	4.84041e-003
5.75000e+000	3.25000e-002	4.98360e-003
5.75000e+000	3.75000e-002	5.10985e-003
5.75000e+000	4.25000e-002	5.22217e-003
5.75000e+000	4.75000e-002	5.32241e-003
5.75000e+000	5.25000e-002	5.41164e-003
5.75000e+000	5.75000e-002	5.49036e-003
5.75000e+000	6.25000e-002	5.55869e-003
5.75000e+000	6.75000e-002	5.61638e-003
5.75000e+000	7.25000e-002	5.66293e-003
5.75000e+000	7.75000e-002	5.69776e-003
5.75000e+000	8.25000e-002	5.72035e-003
5.75000e+000	8.75000e-002	5.73048e-003
5.75000e+000	9.25000e-002	5.72837e-003
5.75000e+000	9.75000e-002	5.71463e-003
5.75000e+000	1.02500e-001	5.69009e-003
5.75000e+000	1.07500e-001	5.65563e-003
5.75000e+000	1.12500e-001	5.61224e-003
5.75000e+000	1.17500e-001	5.56099e-003
5.75000e+000	1.22500e-001	5.50304e-003
5.75000e+000	1.27500e-001	5.43942e-003
5.75000e+000	1.32500e-001	5.37081e-003
5.75000e+000	1.37500e-001	5.29750e-003
5.75000e+000	1.42500e-001	5.21930e-003
5.75000e+000	1.47500e-001	5.13560e-003
5.75000e+000	1.52500e-001	5.04525e-003
5.75000e+000	1.57500e-001	4.94658e-003
5.75000e+000	1.62500e-001	4.83710e-003
5.75000e+000	1.67500e-001	4.71316e-003
5.75000e+000	1.72500e-001	4.56915e-003
5.75000e+000	1.77500e-001	4.39588e-003
5.75000e+000	1.82500e-001	4.17670e-003
5.75000e+000	1.87500e-001	3.87678e-003
5.75000e+000	1.92500e-001	3.37768e-003
5.75000e+000	1.97500e-001	7.58182e-004

6.25000e+000	0.00000e+000	7.69916e-004
6.25000e+000	2.50000e-003	3.40892e-003
6.25000e+000	7.50000e-003	3.92589e-003
6.25000e+000	1.25000e-002	4.24440e-003
6.25000e+000	1.75000e-002	4.48220e-003
6.25000e+000	2.25000e-002	4.67351e-003
6.25000e+000	2.75000e-002	4.83437e-003
6.25000e+000	3.25000e-002	4.97337e-003
6.25000e+000	3.75000e-002	5.09550e-003
6.25000e+000	4.25000e-002	5.20384e-003
6.25000e+000	4.75000e-002	5.30025e-003
6.25000e+000	5.25000e-002	5.38585e-003
6.25000e+000	5.75000e-002	5.46120e-003
6.25000e+000	6.25000e-002	5.52648e-003
6.25000e+000	6.75000e-002	5.58157e-003
6.25000e+000	7.25000e-002	5.62617e-003
6.25000e+000	7.75000e-002	5.65996e-003
6.25000e+000	8.25000e-002	5.68272e-003
6.25000e+000	8.75000e-002	5.69449e-003
6.25000e+000	9.25000e-002	5.69560e-003
6.25000e+000	9.75000e-002	5.68659e-003
6.25000e+000	1.02500e-001	5.66809e-003
6.25000e+000	1.07500e-001	5.64068e-003
6.25000e+000	1.12500e-001	5.60493e-003
6.25000e+000	1.17500e-001	5.56149e-003
6.25000e+000	1.22500e-001	5.51103e-003
6.25000e+000	1.27500e-001	5.45421e-003
6.25000e+000	1.32500e-001	5.39148e-003
6.25000e+000	1.37500e-001	5.32304e-003
6.25000e+000	1.42500e-001	5.24869e-003
6.25000e+000	1.47500e-001	5.16782e-003
6.25000e+000	1.52500e-001	5.07938e-003
6.25000e+000	1.57500e-001	4.98171e-003
6.25000e+000	1.62500e-001	4.87237e-003
6.25000e+000	1.67500e-001	4.74773e-003
6.25000e+000	1.72500e-001	4.60222e-003
6.25000e+000	1.77500e-001	4.42664e-003
6.25000e+000	1.82500e-001	4.20435e-003
6.25000e+000	1.87500e-001	3.90054e-003
6.25000e+000	1.92500e-001	3.39660e-003
6.25000e+000	1.97500e-001	7.64376e-004

6.75000e+000	0.00000e+000	7.71684e-004
6.75000e+000	2.50000e-003	3.41669e-003
6.75000e+000	7.50000e-003	3.93211e-003
6.75000e+000	1.25000e-002	4.24825e-003
6.75000e+000	1.75000e-002	4.48322e-003
6.75000e+000	2.25000e-002	4.67140e-003
6.75000e+000	2.75000e-002	4.82894e-003
6.75000e+000	3.25000e-002	4.96454e-003
6.75000e+000	3.75000e-002	5.08327e-003
6.75000e+000	4.25000e-002	5.18826e-003
6.75000e+000	4.75000e-002	5.28144e-003
6.75000e+000	5.25000e-002	5.36399e-003
6.75000e+000	5.75000e-002	5.43656e-003
6.75000e+000	6.25000e-002	5.49941e-003
6.75000e+000	6.75000e-002	5.55256e-003
6.75000e+000	7.25000e-002	5.59588e-003
6.75000e+000	7.75000e-002	5.62924e-003
6.75000e+000	8.25000e-002	5.65261e-003
6.75000e+000	8.75000e-002	5.66616e-003
6.75000e+000	9.25000e-002	5.67024e-003
6.75000e+000	9.75000e-002	5.66531e-003
6.75000e+000	1.02500e-001	5.65181e-003
6.75000e+000	1.07500e-001	5.63011e-003
6.75000e+000	1.12500e-001	5.60053e-003
6.75000e+000	1.17500e-001	5.56337e-003
6.75000e+000	1.22500e-001	5.51900e-003
6.75000e+000	1.27500e-001	5.46775e-003
6.75000e+000	1.32500e-001	5.40987e-003
6.75000e+000	1.37500e-001	5.34541e-003
6.75000e+000	1.42500e-001	5.27414e-003
6.75000e+000	1.47500e-001	5.19545e-003
6.75000e+000	1.52500e-001	5.10831e-003
6.75000e+000	1.57500e-001	5.01110e-003
6.75000e+000	1.62500e-001	4.90144e-003
6.75000e+000	1.67500e-001	4.77575e-003
6.75000e+000	1.72500e-001	4.62849e-003
6.75000e+000	1.77500e-001	4.45052e-003
6.75000e+000	1.82500e-001	4.22525e-003
6.75000e+000	1.87500e-001	3.91792e-003
6.75000e+000	1.92500e-001	3.40991e-003
6.75000e+000	1.97500e-001	7.68755e-004

7.25000e+000	0.00000e+000	7.72686e-004
7.25000e+000	2.50000e-003	3.42124e-003
7.25000e+000	7.50000e-003	3.93578e-003
7.25000e+000	1.25000e-002	4.25043e-003
7.25000e+000	1.75000e-002	4.48355e-003
7.25000e+000	2.25000e-002	4.66959e-003
7.25000e+000	2.75000e-002	4.82479e-003
7.25000e+000	3.25000e-002	4.95790e-003
7.25000e+000	3.75000e-002	5.07409e-003
7.25000e+000	4.25000e-002	5.17653e-003
7.25000e+000	4.75000e-002	5.26724e-003
7.25000e+000	5.25000e-002	5.34745e-003
7.25000e+000	5.75000e-002	5.41790e-003
7.25000e+000	6.25000e-002	5.47894e-003
7.25000e+000	6.75000e-002	5.53070e-003
7.25000e+000	7.25000e-002	5.57319e-003
7.25000e+000	7.75000e-002	5.60642e-003
7.25000e+000	8.25000e-002	5.63047e-003
7.25000e+000	8.75000e-002	5.64556e-003
7.25000e+000	9.25000e-002	5.65203e-003
7.25000e+000	9.75000e-002	5.65027e-003
7.25000e+000	1.02500e-001	5.64058e-003
7.25000e+000	1.07500e-001	5.62319e-003
7.25000e+000	1.12500e-001	5.59822e-003
7.25000e+000	1.17500e-001	5.56576e-003
7.25000e+000	1.22500e-001	5.52593e-003
7.25000e+000	1.27500e-001	5.47886e-003
7.25000e+000	1.32500e-001	5.42461e-003
7.25000e+000	1.37500e-001	5.36311e-003
7.25000e+000	1.42500e-001	5.29406e-003
7.25000e+000	1.47500e-001	5.21686e-003
7.25000e+000	1.52500e-001	5.13048e-003
7.25000e+000	1.57500e-001	5.03336e-003
7.25000e+000	1.62500e-001	4.92314e-003
7.25000e+000	1.67500e-001	4.79631e-003
7.25000e+000	1.72500e-001	4.64739e-003
7.25000e+000	1.77500e-001	4.46730e-003
7.25000e+000	1.82500e-001	4.23952e-003
7.25000e+000	1.87500e-001	3.92939e-003
7.25000e+000	1.92500e-001	3.41830e-003
7.25000e+000	1.97500e-001	7.71531e-004

7.75000e+000	0.00000e+000	7.73149e-004
7.75000e+000	2.50000e-003	3.42347e-003
7.75000e+000	7.50000e-003	3.93771e-003
7.75000e+000	1.25000e-002	4.25169e-003
7.75000e+000	1.75000e-002	4.48383e-003
7.75000e+000	2.25000e-002	4.66859e-003
7.75000e+000	2.75000e-002	4.82226e-003
7.75000e+000	3.25000e-002	4.95369e-003
7.75000e+000	3.75000e-002	5.06808e-003
7.75000e+000	4.25000e-002	5.16870e-003
7.75000e+000	4.75000e-002	5.25761e-003
7.75000e+000	5.25000e-002	5.33611e-003
7.75000e+000	5.75000e-002	5.40500e-003
7.75000e+000	6.25000e-002	5.46473e-003
7.75000e+000	6.75000e-002	5.51552e-003
7.75000e+000	7.25000e-002	5.55747e-003
7.75000e+000	7.75000e-002	5.59067e-003
7.75000e+000	8.25000e-002	5.61527e-003
7.75000e+000	8.75000e-002	5.63154e-003
7.75000e+000	9.25000e-002	5.63979e-003
7.75000e+000	9.75000e-002	5.64032e-003
7.75000e+000	1.02500e-001	5.63337e-003
7.75000e+000	1.07500e-001	5.61904e-003
7.75000e+000	1.12500e-001	5.59733e-003
7.75000e+000	1.17500e-001	5.56818e-003
7.75000e+000	1.22500e-001	5.53154e-003
7.75000e+000	1.27500e-001	5.48738e-003
7.75000e+000	1.32500e-001	5.43562e-003
7.75000e+000	1.37500e-001	5.37611e-003
7.75000e+000	1.42500e-001	5.30850e-003
7.75000e+000	1.47500e-001	5.23217e-003
7.75000e+000	1.52500e-001	5.14609e-003
7.75000e+000	1.57500e-001	5.04876e-003
7.75000e+000	1.62500e-001	4.93785e-003
7.75000e+000	1.67500e-001	4.80992e-003
7.75000e+000	1.72500e-001	4.65953e-003
7.75000e+000	1.77500e-001	4.47769e-003
7.75000e+000	1.82500e-001	4.24796e-003
7.75000e+000	1.87500e-001	3.93581e-003
7.75000e+000	1.92500e-001	3.42268e-003
7.75000e+000	1.97500e-001	7.72962e-004

8.25000e+000	0.00000e+000	7.73264e-004
8.25000e+000	2.50000e-003	3.42418e-003
8.25000e+000	7.50000e-003	3.93880e-003
8.25000e+000	1.25000e-002	4.25140e-003
8.25000e+000	1.75000e-002	4.48170e-003
8.25000e+000	2.25000e-002	4.66467e-003
8.25000e+000	2.75000e-002	4.81670e-003
8.25000e+000	3.25000e-002	4.94662e-003
8.25000e+000	3.75000e-002	5.05965e-003
8.25000e+000	4.25000e-002	5.15903e-003
8.25000e+000	4.75000e-002	5.24683e-003
8.25000e+000	5.25000e-002	5.32438e-003
8.25000e+000	5.75000e-002	5.39251e-003
8.25000e+000	6.25000e-002	5.45171e-003
8.25000e+000	6.75000e-002	5.50225e-003
8.25000e+000	7.25000e-002	5.54428e-003
8.25000e+000	7.75000e-002	5.57796e-003
8.25000e+000	8.25000e-002	5.60348e-003
8.25000e+000	8.75000e-002	5.62108e-003
8.25000e+000	9.25000e-002	5.63106e-003
8.25000e+000	9.75000e-002	5.63370e-003
8.25000e+000	1.02500e-001	5.62913e-003
8.25000e+000	1.07500e-001	5.61739e-003
8.25000e+000	1.12500e-001	5.59838e-003
8.25000e+000	1.17500e-001	5.57195e-003
8.25000e+000	1.22500e-001	5.53792e-003
8.25000e+000	1.27500e-001	5.49614e-003
8.25000e+000	1.32500e-001	5.44645e-003
8.25000e+000	1.37500e-001	5.38861e-003
8.25000e+000	1.42500e-001	5.32223e-003
8.25000e+000	1.47500e-001	5.24666e-003
8.25000e+000	1.52500e-001	5.16090e-003
8.25000e+000	1.57500e-001	5.06342e-003
8.25000e+000	1.62500e-001	4.95193e-003
8.25000e+000	1.67500e-001	4.82301e-003
8.25000e+000	1.72500e-001	4.67123e-003
8.25000e+000	1.77500e-001	4.48761e-003
8.25000e+000	1.82500e-001	4.25573e-003
8.25000e+000	1.87500e-001	3.94109e-003
8.25000e+000	1.92500e-001	3.42530e-003
8.25000e+000	1.97500e-001	7.73168e-004

8.75000e+000	0.00000e+000	7.73242e-004
8.75000e+000	2.50000e-003	3.42426e-003
8.75000e+000	7.50000e-003	3.90314e-003
8.75000e+000	1.25000e-002	4.20081e-003
8.75000e+000	1.75000e-002	4.42656e-003
8.75000e+000	2.25000e-002	4.60931e-003
8.75000e+000	2.75000e-002	4.76320e-003
8.75000e+000	3.25000e-002	4.89605e-003
8.75000e+000	3.75000e-002	5.01254e-003
8.75000e+000	4.25000e-002	5.11562e-003
8.75000e+000	4.75000e-002	5.20720e-003
8.75000e+000	5.25000e-002	5.28850e-003
8.75000e+000	5.75000e-002	5.36028e-003
8.75000e+000	6.25000e-002	5.42301e-003
8.75000e+000	6.75000e-002	5.47695e-003
8.75000e+000	7.25000e-002	5.52227e-003
8.75000e+000	7.75000e-002	5.55917e-003
8.75000e+000	8.25000e-002	5.58788e-003
8.75000e+000	8.75000e-002	5.60871e-003
8.75000e+000	9.25000e-002	5.62199e-003
8.75000e+000	9.75000e-002	5.62802e-003
8.75000e+000	1.02500e-001	5.62696e-003
8.75000e+000	1.07500e-001	5.61886e-003
8.75000e+000	1.12500e-001	5.60360e-003
8.75000e+000	1.17500e-001	5.58102e-003
8.75000e+000	1.22500e-001	5.55095e-003
8.75000e+000	1.27500e-001	5.51321e-003
8.75000e+000	1.32500e-001	5.46763e-003
8.75000e+000	1.37500e-001	5.41394e-003
8.75000e+000	1.42500e-001	5.35173e-003
8.75000e+000	1.47500e-001	5.28033e-003
8.75000e+000	1.52500e-001	5.19870e-003
8.75000e+000	1.57500e-001	5.10527e-003
8.75000e+000	1.62500e-001	4.99770e-003
8.75000e+000	1.67500e-001	4.87244e-003
8.75000e+000	1.72500e-001	4.72394e-003
8.75000e+000	1.77500e-001	4.54295e-003
8.75000e+000	1.82500e-001	4.31257e-003
8.75000e+000	1.87500e-001	3.99733e-003
8.75000e+000	1.92500e-001	3.47651e-003
8.75000e+000	1.97500e-001	8.09146e-004

9.25000e+000	0.00000e+000	7.73312e-004
9.25000e+000	2.50000e-003	3.42307e-003
9.25000e+000	7.50000e-003	3.90018e-003
9.25000e+000	1.25000e-002	4.19935e-003
9.25000e+000	1.75000e-002	4.42737e-003
9.25000e+000	2.25000e-002	4.61208e-003
9.25000e+000	2.75000e-002	4.76738e-003
9.25000e+000	3.25000e-002	4.90113e-003
9.25000e+000	3.75000e-002	5.01808e-003
9.25000e+000	4.25000e-002	5.12126e-003
9.25000e+000	4.75000e-002	5.21264e-003
9.25000e+000	5.25000e-002	5.29352e-003
9.25000e+000	5.75000e-002	5.36472e-003
9.25000e+000	6.25000e-002	5.42677e-003
9.25000e+000	6.75000e-002	5.47999e-003
9.25000e+000	7.25000e-002	5.52461e-003
9.25000e+000	7.75000e-002	5.56088e-003
9.25000e+000	8.25000e-002	5.58905e-003
9.25000e+000	8.75000e-002	5.60946e-003
9.25000e+000	9.25000e-002	5.62246e-003
9.25000e+000	9.75000e-002	5.62832e-003
9.25000e+000	1.02500e-001	5.62720e-003
9.25000e+000	1.07500e-001	5.61908e-003
9.25000e+000	1.12500e-001	5.60383e-003
9.25000e+000	1.17500e-001	5.58123e-003
9.25000e+000	1.22500e-001	5.55107e-003
9.25000e+000	1.27500e-001	5.51314e-003
9.25000e+000	1.32500e-001	5.46723e-003
9.25000e+000	1.37500e-001	5.41308e-003
9.25000e+000	1.42500e-001	5.35028e-003
9.25000e+000	1.47500e-001	5.27818e-003
9.25000e+000	1.52500e-001	5.19577e-003
9.25000e+000	1.57500e-001	5.10153e-003
9.25000e+000	1.62500e-001	4.99314e-003
9.25000e+000	1.67500e-001	4.86712e-003
9.25000e+000	1.72500e-001	4.71797e-003
9.25000e+000	1.77500e-001	4.53652e-003
9.25000e+000	1.82500e-001	4.30609e-003
9.25000e+000	1.87500e-001	3.99181e-003
9.25000e+000	1.92500e-001	3.47413e-003
9.25000e+000	1.97500e-001	8.09356e-004

9.75000e+000	0.00000e+000	7.55290e-004
9.75000e+000	2.50000e-003	3.37201e-003
9.75000e+000	7.50000e-003	3.91667e-003
9.75000e+000	1.25000e-002	4.24579e-003
9.75000e+000	1.75000e-002	4.48500e-003
9.75000e+000	2.25000e-002	4.67323e-003
9.75000e+000	2.75000e-002	4.82830e-003
9.75000e+000	3.25000e-002	4.95975e-003
9.75000e+000	3.75000e-002	5.07320e-003
9.75000e+000	4.25000e-002	5.17215e-003
9.75000e+000	4.75000e-002	5.25888e-003
9.75000e+000	5.25000e-002	5.33490e-003
9.75000e+000	5.75000e-002	5.40121e-003
9.75000e+000	6.25000e-002	5.45845e-003
9.75000e+000	6.75000e-002	5.50707e-003
9.75000e+000	7.25000e-002	5.54740e-003
9.75000e+000	7.75000e-002	5.57974e-003
9.75000e+000	8.25000e-002	5.60440e-003
9.75000e+000	8.75000e-002	5.62170e-003
9.75000e+000	9.25000e-002	5.63193e-003
9.75000e+000	9.75000e-002	5.63532e-003
9.75000e+000	1.02500e-001	5.63193e-003
9.75000e+000	1.07500e-001	5.62170e-003
9.75000e+000	1.12500e-001	5.60440e-003
9.75000e+000	1.17500e-001	5.57974e-003
9.75000e+000	1.22500e-001	5.54740e-003
9.75000e+000	1.27500e-001	5.50707e-003
9.75000e+000	1.32500e-001	5.45845e-003
9.75000e+000	1.37500e-001	5.40121e-003
9.75000e+000	1.42500e-001	5.33490e-003
9.75000e+000	1.47500e-001	5.25888e-003
9.75000e+000	1.52500e-001	5.17215e-003
9.75000e+000	1.57500e-001	5.07320e-003
9.75000e+000	1.62500e-001	4.95975e-003
9.75000e+000	1.67500e-001	4.82830e-003
9.75000e+000	1.72500e-001	4.67323e-003
9.75000e+000	1.77500e-001	4.48500e-003
9.75000e+000	1.82500e-001	4.24579e-003
9.75000e+000	1.87500e-001	3.91667e-003
9.75000e+000	1.92500e-001	3.37201e-003
9.75000e+000	1.97500e-001	7.55290e-004

