0.00000e+000	0.00000e+000	1.00000e+000
0.00000e+000	2.50000e-003	1.00000e+000
0.00000e+000	7.50000e-003	1.00000e+000
0.00000e+000	1.25000e-002	1.00000e+000
0.00000e+000	1.75000e-002	1.00000e+000
0.00000e+000	2.25000e-002	1.00000e+000
0.00000e+000	2.75000e-002	1.00000e+000
0.00000e+000	3.25000e-002	1.00000e+000
0.00000e+000	3.75000e-002	1.00000e+000
0.00000e+000	4.25000e-002	1.00000e+000
0.00000e+000	4.75000e-002	1.00000e+000
0.00000e+000	5.25000e-002	1.00000e+000
0.00000e+000	5.75000e-002	1.00000e+000
0.00000e+000	6.25000e-002	1.00000e+000
0.00000e+000	6.75000e-002	1.00000e+000
0.00000e+000	7.25000e-002	1.00000e+000
0.00000e+000	7.75000e-002	1.00000e+000
0.00000e+000	8.25000e-002	1.00000e+000
0.00000e+000	8.75000e-002	1.00000e+000
0.00000e+000	9.25000e-002	1.00000e+000
0.00000e+000	9.75000e-002	1.00000e+000
0.00000e+000	1.02500e-001	1.00000e+000
0.00000e+000	1.07500e-001	1.00000e+000
0.00000e+000	1.12500e-001	1.00000e+000
0.00000e+000	1.17500e-001	1.00000e+000
0.00000e+000	1.22500e-001	1.00000e+000
0.00000e+000	1.27500e-001	1.00000e+000
0.00000e+000	1.32500e-001	1.00000e+000
0.00000e+000	1.37500e-001	1.00000e+000
0.00000e+000	1.42500e-001	1.00000e+000
0.00000e+000	1.47500e-001	1.00000e+000
0.00000e+000	1.52500e-001	1.00000e+000
0.00000e+000	1.57500e-001	1.00000e+000
0.00000e+000	1.62500e-001	1.00000e+000
0.00000e+000	1.67500e-001	1.00000e+000
0.00000e+000	1.72500e-001	1.00000e+000
0.00000e+000	1.77500e-001	1.00000e+000
0.00000e+000	1.82500e-001	1.00000e+000
0.00000e+000	1.87500e-001	1.00000e+000
0.00000e+000	1.92500e-001	1.00000e+000
0.00000e+000	1.97500e-001	1.00000e+000
0.00000e+000	2.00000e-001	1.00000e+000

5.00000e-001	0.00000e+000	0.00000e+000
5.00000e-001	2.50000e-003	7.26253e-001
5.00000e-001	7.50000e-003	8.73438e-001
5.00000e-001	1.25000e-002	9.38562e-001
5.00000e-001	1.75000e-002	9.77961e-001
5.00000e-001	2.25000e-002	1.00184e+000
5.00000e-001	2.75000e-002	1.01600e+000
5.00000e-001	3.25000e-002	1.02423e+000
5.00000e-001	3.75000e-002	1.02894e+000
5.00000e-001	4.25000e-002	1.03162e+000
5.00000e-001	4.75000e-002	1.03313e+000
5.00000e-001	5.25000e-002	1.03399e+000
5.00000e-001	5.75000e-002	1.03447e+000
5.00000e-001	6.25000e-002	1.03474e+000
5.00000e-001	6.75000e-002	1.03488e+000
5.00000e-001	7.25000e-002	1.03495e+000
5.00000e-001	7.75000e-002	1.03499e+000
5.00000e-001	8.25000e-002	1.03500e+000
5.00000e-001	8.75000e-002	1.03501e+000
5.00000e-001	9.25000e-002	1.03501e+000
5.00000e-001	9.75000e-002	1.03501e+000
5.00000e-001	1.02500e-001	1.03501e+000
5.00000e-001	1.07500e-001	1.03501e+000
5.00000e-001	1.12500e-001	1.03501e+000
5.00000e-001	1.17500e-001	1.03500e+000
5.00000e-001	1.22500e-001	1.03499e+000
5.00000e-001	1.27500e-001	1.03495e+000
5.00000e-001	1.32500e-001	1.03488e+000
5.00000e-001	1.37500e-001	1.03474e+000
5.00000e-001	1.42500e-001	1.03447e+000
5.00000e-001	1.47500e-001	1.03399e+000
5.00000e-001	1.52500e-001	1.03313e+000
5.00000e-001	1.57500e-001	1.03162e+000
5.00000e-001	1.62500e-001	1.02894e+000
5.00000e-001	1.67500e-001	1.02423e+000
5.00000e-001	1.72500e-001	1.01600e+000
5.00000e-001	1.77500e-001	1.00184e+000
5.00000e-001	1.82500e-001	9.77961e-001
5.00000e-001	1.87500e-001	9.38562e-001
5.00000e-001	1.92500e-001	8.73438e-001
5.00000e-001	1.97500e-001	7.26253e-001
5.00000e-001	2.00000e-001	-2.33147e-015

1.00000e+000	0.00000e+000	0.00000e+000
1.00000e+000	2.50000e-003	6.40924e-001
1.00000e+000	7.50000e-003	7.88361e-001
1.00000e+000	1.25000e-002	8.68506e-001
1.00000e+000	1.75000e-002	9.26308e-001
1.00000e+000	2.25000e-002	9.68921e-001
1.00000e+000	2.75000e-002	1.00021e+000
1.00000e+000	3.25000e-002	1.02269e+000
1.00000e+000	3.75000e-002	1.03829e+000
1.00000e+000	4.25000e-002	1.04868e+000
1.00000e+000	4.75000e-002	1.05535e+000
1.00000e+000	5.25000e-002	1.05950e+000
1.00000e+000	5.75000e-002	1.06202e+000
1.00000e+000	6.25000e-002	1.06353e+000
1.00000e+000	6.75000e-002	1.06443e+000
1.00000e+000	7.25000e-002	1.06495e+000
1.00000e+000	7.75000e-002	1.06525e+000
1.00000e+000	8.25000e-002	1.06542e+000
1.00000e+000	8.75000e-002	1.06551e+000
1.00000e+000	9.25000e-002	1.06556e+000
1.00000e+000	9.75000e-002	1.06558e+000
1.00000e+000	1.02500e-001	1.06558e+000
1.00000e+000	1.07500e-001	1.06556e+000
1.00000e+000	1.12500e-001	1.06551e+000
1.00000e+000	1.17500e-001	1.06542e+000
1.00000e+000	1.22500e-001	1.06525e+000
1.00000e+000	1.27500e-001	1.06495e+000
1.00000e+000	1.32500e-001	1.06443e+000
1.00000e+000	1.37500e-001	1.06353e+000
1.00000e+000	1.42500e-001	1.06202e+000
1.00000e+000	1.47500e-001	1.05950e+000
1.00000e+000	1.52500e-001	1.05535e+000
1.00000e+000	1.57500e-001	1.04868e+000
1.00000e+000	1.62500e-001	1.03829e+000
1.00000e+000	1.67500e-001	1.02269e+000
1.00000e+000	1.72500e-001	1.00021e+000
1.00000e+000	1.77500e-001	9.68921e-001
1.00000e+000	1.82500e-001	9.26308e-001
1.00000e+000	1.87500e-001	8.68506e-001
1.00000e+000	1.92500e-001	7.88361e-001
1.00000e+000	1.97500e-001	6.40924e-001
1.00000e+000	2.00000e-001	-2.33147e-015

1.50000e+000	0.00000e+000	0.00000e+000
1.50000e+000	2.50000e-003	6.10898e-001
1.50000e+000	7.50000e-003	7.49962e-001
1.50000e+000	1.25000e-002	8.29334e-001
1.50000e+000	1.75000e-002	8.88579e-001
1.50000e+000	2.25000e-002	9.35332e-001
1.50000e+000	2.75000e-002	9.73068e-001
1.50000e+000	3.25000e-002	1.00361e+000
1.50000e+000	3.75000e-002	1.02806e+000
1.50000e+000	4.25000e-002	1.04721e+000
1.50000e+000	4.75000e-002	1.06172e+000
1.50000e+000	5.25000e-002	1.07228e+000
1.50000e+000	5.75000e-002	1.07962e+000
1.50000e+000	6.25000e-002	1.08451e+000
1.50000e+000	6.75000e-002	1.08765e+000
1.50000e+000	7.25000e-002	1.08960e+000
1.50000e+000	7.75000e-002	1.09079e+000
1.50000e+000	8.25000e-002	1.09150e+000
1.50000e+000	8.75000e-002	1.09191e+000
1.50000e+000	9.25000e-002	1.09213e+000
1.50000e+000	9.75000e-002	1.09222e+000
1.50000e+000	1.02500e-001	1.09222e+000
1.50000e+000	1.07500e-001	1.09213e+000
1.50000e+000	1.12500e-001	1.09191e+000
1.50000e+000	1.17500e-001	1.09150e+000
1.50000e+000	1.22500e-001	1.09079e+000
1.50000e+000	1.27500e-001	1.08960e+000
1.50000e+000	1.32500e-001	1.08765e+000
1.50000e+000	1.37500e-001	1.08451e+000
1.50000e+000	1.42500e-001	1.07962e+000
1.50000e+000	1.47500e-001	1.07228e+000
1.50000e+000	1.52500e-001	1.06172e+000
1.50000e+000	1.57500e-001	1.04721e+000
1.50000e+000	1.62500e-001	1.02806e+000
1.50000e+000	1.67500e-001	1.00361e+000
1.50000e+000	1.72500e-001	9.73068e-001
1.50000e+000	1.77500e-001	9.35332e-001
1.50000e+000	1.82500e-001	8.88579e-001
1.50000e+000	1.87500e-001	8.29334e-001
1.50000e+000	1.92500e-001	7.49962e-001
1.50000e+000	1.97500e-001	6.10898e-001
1.50000e+000	2.00000e-001	-2.33147e-015

2.00000e+000	0.00000e+000	0.00000e+000
2.00000e+000	2.50000e-003	5.99151e-001
2.00000e+000	7.50000e-003	7.33948e-001
2.00000e+000	1.25000e-002	8.11025e-001
2.00000e+000	1.75000e-002	8.68285e-001
2.00000e+000	2.25000e-002	9.14153e-001
2.00000e+000	2.75000e-002	9.52355e-001
2.00000e+000	3.25000e-002	9.84771e-001
2.00000e+000	3.75000e-002	1.01244e+000
2.00000e+000	4.25000e-002	1.03596e+000
2.00000e+000	4.75000e-002	1.05571e+000
2.00000e+000	5.25000e-002	1.07198e+000
2.00000e+000	5.75000e-002	1.08499e+000
2.00000e+000	6.25000e-002	1.09502e+000
2.00000e+000	6.75000e-002	1.10241e+000
2.00000e+000	7.25000e-002	1.10760e+000
2.00000e+000	7.75000e-002	1.11108e+000
2.00000e+000	8.25000e-002	1.11330e+000
2.00000e+000	8.75000e-002	1.11465e+000
2.00000e+000	9.25000e-002	1.11541e+000
2.00000e+000	9.75000e-002	1.11575e+000
2.00000e+000	1.02500e-001	1.11575e+000
2.00000e+000	1.07500e-001	1.11541e+000
2.00000e+000	1.12500e-001	1.11465e+000
2.00000e+000	1.17500e-001	1.11330e+000
2.00000e+000	1.22500e-001	1.11108e+000
2.00000e+000	1.27500e-001	1.10760e+000
2.00000e+000	1.32500e-001	1.10241e+000
2.00000e+000	1.37500e-001	1.09502e+000
2.00000e+000	1.42500e-001	1.08499e+000
2.00000e+000	1.47500e-001	1.07198e+000
2.00000e+000	1.52500e-001	1.05571e+000
2.00000e+000	1.57500e-001	1.03596e+000
2.00000e+000	1.62500e-001	1.01244e+000
2.00000e+000	1.67500e-001	9.84771e-001
2.00000e+000	1.72500e-001	9.52355e-001
2.00000e+000	1.77500e-001	9.14153e-001
2.00000e+000	1.82500e-001	8.68285e-001
2.00000e+000	1.87500e-001	8.11025e-001
2.00000e+000	1.92500e-001	7.33948e-001
2.00000e+000	1.97500e-001	5.99151e-001
2.00000e+000	2.00000e-001	-2.33147e-015

2.50000e+000	0.00000e+000	0.00000e+000
2.50000e+000	2.50000e-003	5.95735e-001
2.50000e+000	7.50000e-003	7.28286e-001
2.50000e+000	1.25000e-002	8.03540e-001
2.50000e+000	1.75000e-002	8.58886e-001
2.50000e+000	2.25000e-002	9.03172e-001
2.50000e+000	2.75000e-002	9.40326e-001
2.50000e+000	3.25000e-002	9.72354e-001
2.50000e+000	3.75000e-002	1.00038e+000
2.50000e+000	4.25000e-002	1.02505e+000
2.50000e+000	4.75000e-002	1.04677e+000
2.50000e+000	5.25000e-002	1.06578e+000
2.50000e+000	5.75000e-002	1.08222e+000
2.50000e+000	6.25000e-002	1.09619e+000
2.50000e+000	6.75000e-002	1.10775e+000
2.50000e+000	7.25000e-002	1.11701e+000
2.50000e+000	7.75000e-002	1.12409e+000
2.50000e+000	8.25000e-002	1.12923e+000
2.50000e+000	8.75000e-002	1.13270e+000
2.50000e+000	9.25000e-002	1.13479e+000
2.50000e+000	9.75000e-002	1.13576e+000
2.50000e+000	1.02500e-001	1.13576e+000
2.50000e+000	1.07500e-001	1.13479e+000
2.50000e+000	1.12500e-001	1.13270e+000
2.50000e+000	1.17500e-001	1.12923e+000
2.50000e+000	1.22500e-001	1.12409e+000
2.50000e+000	1.27500e-001	1.11701e+000
2.50000e+000	1.32500e-001	1.10775e+000
2.50000e+000	1.37500e-001	1.09619e+000
2.50000e+000	1.42500e-001	1.08222e+000
2.50000e+000	1.47500e-001	1.06578e+000
2.50000e+000	1.52500e-001	1.04677e+000
2.50000e+000	1.57500e-001	1.02505e+000
2.50000e+000	1.62500e-001	1.00038e+000
2.50000e+000	1.67500e-001	9.72354e-001
2.50000e+000	1.72500e-001	9.40326e-001
2.50000e+000	1.77500e-001	9.03172e-001
2.50000e+000	1.82500e-001	8.58886e-001
2.50000e+000	1.87500e-001	8.03540e-001
2.50000e+000	1.92500e-001	7.28286e-001
2.50000e+000	1.97500e-001	5.95735e-001
2.50000e+000	2.00000e-001	-2.33147e-015

3.00000e+000	0.00000e+000	0.00000e+000
3.00000e+000	2.50000e-003	5.96412e-001
3.00000e+000	7.50000e-003	7.27779e-001
3.00000e+000	1.25000e-002	8.01816e-001
3.00000e+000	1.75000e-002	8.55774e-001
3.00000e+000	2.25000e-002	8.98734e-001
3.00000e+000	2.75000e-002	9.34746e-001
3.00000e+000	3.25000e-002	9.65902e-001
3.00000e+000	3.75000e-002	9.93393e-001
3.00000e+000	4.25000e-002	1.01794e+000
3.00000e+000	4.75000e-002	1.03998e+000
3.00000e+000	5.25000e-002	1.05981e+000
3.00000e+000	5.75000e-002	1.07761e+000
3.00000e+000	6.25000e-002	1.09346e+000
3.00000e+000	6.75000e-002	1.10741e+000
3.00000e+000	7.25000e-002	1.11948e+000
3.00000e+000	7.75000e-002	1.12963e+000
3.00000e+000	8.25000e-002	1.13784e+000
3.00000e+000	8.75000e-002	1.14402e+000
3.00000e+000	9.25000e-002	1.14812e+000
3.00000e+000	9.75000e-002	1.15014e+000
3.00000e+000	1.02500e-001	1.15014e+000
3.00000e+000	1.07500e-001	1.14812e+000
3.00000e+000	1.12500e-001	1.14402e+000
3.00000e+000	1.17500e-001	1.13784e+000
3.00000e+000	1.22500e-001	1.12963e+000
3.00000e+000	1.27500e-001	1.11948e+000
3.00000e+000	1.32500e-001	1.10741e+000
3.00000e+000	1.37500e-001	1.09346e+000
3.00000e+000	1.42500e-001	1.07761e+000
3.00000e+000	1.47500e-001	1.05981e+000
3.00000e+000	1.52500e-001	1.03998e+000
3.00000e+000	1.57500e-001	1.01794e+000
3.00000e+000	1.62500e-001	9.93393e-001
3.00000e+000	1.67500e-001	9.65902e-001
3.00000e+000	1.72500e-001	9.34746e-001
3.00000e+000	1.77500e-001	8.98734e-001
3.00000e+000	1.82500e-001	8.55774e-001
3.00000e+000	1.87500e-001	8.01816e-001
3.00000e+000	1.92500e-001	7.27779e-001
3.00000e+000	1.97500e-001	5.96412e-001
3.00000e+000	2.00000e-001	-2.33147e-015

3.50000e+000	0.00000e+000	0.00000e+000
3.50000e+000	2.50000e-003	5.99177e-001
3.50000e+000	7.50000e-003	7.30003e-001
3.50000e+000	1.25000e-002	8.03295e-001
3.50000e+000	1.75000e-002	8.56322e-001
3.50000e+000	2.25000e-002	8.98313e-001
3.50000e+000	2.75000e-002	9.33396e-001
3.50000e+000	3.25000e-002	9.63719e-001
3.50000e+000	3.75000e-002	9.90519e-001
3.50000e+000	4.25000e-002	1.01456e+000
3.50000e+000	4.75000e-002	1.03632e+000
3.50000e+000	5.25000e-002	1.05612e+000
3.50000e+000	5.75000e-002	1.07418e+000
3.50000e+000	6.25000e-002	1.09060e+000
3.50000e+000	6.75000e-002	1.10547e+000
3.50000e+000	7.25000e-002	1.11877e+000
3.50000e+000	7.75000e-002	1.13045e+000
3.50000e+000	8.25000e-002	1.14035e+000
3.50000e+000	8.75000e-002	1.14822e+000
3.50000e+000	9.25000e-002	1.15371e+000
3.50000e+000	9.75000e-002	1.15651e+000
3.50000e+000	1.02500e-001	1.15651e+000
3.50000e+000	1.07500e-001	1.15371e+000
3.50000e+000	1.12500e-001	1.14822e+000
3.50000e+000	1.17500e-001	1.14035e+000
3.50000e+000	1.22500e-001	1.13045e+000
3.50000e+000	1.27500e-001	1.11877e+000
3.50000e+000	1.32500e-001	1.10547e+000
3.50000e+000	1.37500e-001	1.09060e+000
3.50000e+000	1.42500e-001	1.07418e+000
3.50000e+000	1.47500e-001	1.05612e+000
3.50000e+000	1.52500e-001	1.03632e+000
3.50000e+000	1.57500e-001	1.01456e+000
3.50000e+000	1.62500e-001	9.90519e-001
3.50000e+000	1.67500e-001	9.63719e-001
3.50000e+000	1.72500e-001	9.33396e-001
3.50000e+000	1.77500e-001	8.98313e-001
3.50000e+000	1.82500e-001	8.56322e-001
3.50000e+000	1.87500e-001	8.03295e-001
3.50000e+000	1.92500e-001	7.30003e-001
3.50000e+000	1.97500e-001	5.99177e-001
3.50000e+000	2.00000e-001	-2.33147e-015

4.00000e+000	0.00000e+000	0.00000e+000
4.00000e+000	2.50000e-003	6.02960e-001
4.00000e+000	7.50000e-003	7.33645e-001
4.00000e+000	1.25000e-002	8.06523e-001
4.00000e+000	1.75000e-002	8.58951e-001
4.00000e+000	2.25000e-002	9.00262e-001
4.00000e+000	2.75000e-002	9.34642e-001
4.00000e+000	3.25000e-002	9.64275e-001
4.00000e+000	3.75000e-002	9.90426e-001
4.00000e+000	4.25000e-002	1.01388e+000
4.00000e+000	4.75000e-002	1.03515e+000
4.00000e+000	5.25000e-002	1.05457e+000
4.00000e+000	5.75000e-002	1.07237e+000
4.00000e+000	6.25000e-002	1.08867e+000
4.00000e+000	6.75000e-002	1.10354e+000
4.00000e+000	7.25000e-002	1.11696e+000
4.00000e+000	7.75000e-002	1.12884e+000
4.00000e+000	8.25000e-002	1.13898e+000
4.00000e+000	8.75000e-002	1.14706e+000
4.00000e+000	9.25000e-002	1.15270e+000
4.00000e+000	9.75000e-002	1.15559e+000
4.00000e+000	1.02500e-001	1.15559e+000
4.00000e+000	1.07500e-001	1.15270e+000
4.00000e+000	1.12500e-001	1.14706e+000
4.00000e+000	1.17500e-001	1.13898e+000
4.00000e+000	1.22500e-001	1.12884e+000
4.00000e+000	1.27500e-001	1.11696e+000
4.00000e+000	1.32500e-001	1.10354e+000
4.00000e+000	1.37500e-001	1.08867e+000
4.00000e+000	1.42500e-001	1.07237e+000
4.00000e+000	1.47500e-001	1.05457e+000
4.00000e+000	1.52500e-001	1.03515e+000
4.00000e+000	1.57500e-001	1.01388e+000
4.00000e+000	1.62500e-001	9.90426e-001
4.00000e+000	1.67500e-001	9.64275e-001
4.00000e+000	1.72500e-001	9.34642e-001
4.00000e+000	1.77500e-001	9.00262e-001
4.00000e+000	1.82500e-001	8.58951e-001
4.00000e+000	1.87500e-001	8.06523e-001
4.00000e+000	1.92500e-001	7.33645e-001
4.00000e+000	1.97500e-001	6.02960e-001
4.00000e+000	2.00000e-001	-2.33147e-015

4.50000e+000	0.00000e+000	0.00000e+000
4.50000e+000	2.50000e-003	6.07006e-001
4.50000e+000	7.50000e-003	7.37804e-001
4.50000e+000	1.25000e-002	8.10496e-001
4.50000e+000	1.75000e-002	8.62559e-001
4.50000e+000	2.25000e-002	9.03406e-001
4.50000e+000	2.75000e-002	9.37262e-001
4.50000e+000	3.25000e-002	9.66338e-001
4.50000e+000	3.75000e-002	9.91918e-001
4.50000e+000	4.25000e-002	1.01480e+000
4.50000e+000	4.75000e-002	1.03551e+000
4.50000e+000	5.25000e-002	1.05438e+000
4.50000e+000	5.75000e-002	1.07164e+000
4.50000e+000	6.25000e-002	1.08742e+000
4.50000e+000	6.75000e-002	1.10177e+000
4.50000e+000	7.25000e-002	1.11465e+000
4.50000e+000	7.75000e-002	1.12595e+000
4.50000e+000	8.25000e-002	1.13546e+000
4.50000e+000	8.75000e-002	1.14292e+000
4.50000e+000	9.25000e-002	1.14805e+000
4.50000e+000	9.75000e-002	1.15065e+000
4.50000e+000	1.02500e-001	1.15065e+000
4.50000e+000	1.07500e-001	1.14805e+000
4.50000e+000	1.12500e-001	1.14292e+000
4.50000e+000	1.17500e-001	1.13546e+000
4.50000e+000	1.22500e-001	1.12595e+000
4.50000e+000	1.27500e-001	1.11465e+000
4.50000e+000	1.32500e-001	1.10177e+000
4.50000e+000	1.37500e-001	1.08742e+000
4.50000e+000	1.42500e-001	1.07164e+000
4.50000e+000	1.47500e-001	1.05438e+000
4.50000e+000	1.52500e-001	1.03551e+000
4.50000e+000	1.57500e-001	1.01480e+000
4.50000e+000	1.62500e-001	9.91918e-001
4.50000e+000	1.67500e-001	9.66338e-001
4.50000e+000	1.72500e-001	9.37262e-001
4.50000e+000	1.77500e-001	9.03406e-001
4.50000e+000	1.82500e-001	8.62559e-001
4.50000e+000	1.87500e-001	8.10496e-001
4.50000e+000	1.92500e-001	7.37804e-001
4.50000e+000	1.97500e-001	6.07006e-001
4.50000e+000	2.00000e-001	-2.33147e-015

5.00000e+000	0.00000e+000	0.00000e+000
5.00000e+000	2.50000e-003	6.10728e-001
5.00000e+000	7.50000e-003	7.41785e-001
5.00000e+000	1.25000e-002	8.14449e-001
5.00000e+000	1.75000e-002	8.66318e-001
5.00000e+000	2.25000e-002	9.06863e-001
5.00000e+000	2.75000e-002	9.40337e-001
5.00000e+000	3.25000e-002	9.68972e-001
5.00000e+000	3.75000e-002	9.94063e-001
5.00000e+000	4.25000e-002	1.01642e+000
5.00000e+000	4.75000e-002	1.03655e+000
5.00000e+000	5.25000e-002	1.05482e+000
5.00000e+000	5.75000e-002	1.07143e+000
5.00000e+000	6.25000e-002	1.08651e+000
5.00000e+000	6.75000e-002	1.10009e+000
5.00000e+000	7.25000e-002	1.11215e+000
5.00000e+000	7.75000e-002	1.12257e+000
5.00000e+000	8.25000e-002	1.13119e+000
5.00000e+000	8.75000e-002	1.13783e+000
5.00000e+000	9.25000e-002	1.14233e+000
5.00000e+000	9.75000e-002	1.14460e+000
5.00000e+000	1.02500e-001	1.14460e+000
5.00000e+000	1.07500e-001	1.14233e+000
5.00000e+000	1.12500e-001	1.13783e+000
5.00000e+000	1.17500e-001	1.13119e+000
5.00000e+000	1.22500e-001	1.12257e+000
5.00000e+000	1.27500e-001	1.11215e+000
5.00000e+000	1.32500e-001	1.10009e+000
5.00000e+000	1.37500e-001	1.08651e+000
5.00000e+000	1.42500e-001	1.07143e+000
5.00000e+000	1.47500e-001	1.05482e+000
5.00000e+000	1.52500e-001	1.03655e+000
5.00000e+000	1.57500e-001	1.01642e+000
5.00000e+000	1.62500e-001	9.94063e-001
5.00000e+000	1.67500e-001	9.68972e-001
5.00000e+000	1.72500e-001	9.40337e-001
5.00000e+000	1.77500e-001	9.06863e-001
5.00000e+000	1.82500e-001	8.66318e-001
5.00000e+000	1.87500e-001	8.14449e-001
5.00000e+000	1.92500e-001	7.41785e-001
5.00000e+000	1.97500e-001	6.10728e-001
5.00000e+000	2.00000e-001	-2.33147e-015

5.50000e+000	0.00000e+000	0.00000e+000
5.50000e+000	2.50000e-003	6.13747e-001
5.50000e+000	7.50000e-003	7.45128e-001
5.50000e+000	1.25000e-002	8.17866e-001
5.50000e+000	1.75000e-002	8.69668e-001
5.50000e+000	2.25000e-002	9.10039e-001
5.50000e+000	2.75000e-002	9.43254e-001
5.50000e+000	3.25000e-002	9.71557e-001
5.50000e+000	3.75000e-002	9.96249e-001
5.50000e+000	4.25000e-002	1.01814e+000
5.50000e+000	4.75000e-002	1.03776e+000
5.50000e+000	5.25000e-002	1.05544e+000
5.50000e+000	5.75000e-002	1.07141e+000
5.50000e+000	6.25000e-002	1.08577e+000
5.50000e+000	6.75000e-002	1.09858e+000
5.50000e+000	7.25000e-002	1.10980e+000
5.50000e+000	7.75000e-002	1.11935e+000
5.50000e+000	8.25000e-002	1.12715e+000
5.50000e+000	8.75000e-002	1.13306e+000
5.50000e+000	9.25000e-002	1.13703e+000
5.50000e+000	9.75000e-002	1.13901e+000
5.50000e+000	1.02500e-001	1.13901e+000
5.50000e+000	1.07500e-001	1.13703e+000
5.50000e+000	1.12500e-001	1.13306e+000
5.50000e+000	1.17500e-001	1.12715e+000
5.50000e+000	1.22500e-001	1.11935e+000
5.50000e+000	1.27500e-001	1.10980e+000
5.50000e+000	1.32500e-001	1.09858e+000
5.50000e+000	1.37500e-001	1.08577e+000
5.50000e+000	1.42500e-001	1.07141e+000
5.50000e+000	1.47500e-001	1.05544e+000
5.50000e+000	1.52500e-001	1.03776e+000
5.50000e+000	1.57500e-001	1.01814e+000
5.50000e+000	1.62500e-001	9.96249e-001
5.50000e+000	1.67500e-001	9.71557e-001
5.50000e+000	1.72500e-001	9.43254e-001
5.50000e+000	1.77500e-001	9.10039e-001
5.50000e+000	1.82500e-001	8.69668e-001
5.50000e+000	1.87500e-001	8.17866e-001
5.50000e+000	1.92500e-001	7.45128e-001
5.50000e+000	1.97500e-001	6.13747e-001
5.50000e+000	2.00000e-001	-2.33147e-015

6.00000e+000	0.00000e+000	0.00000e+000
6.00000e+000	2.50000e-003	6.15933e-001
6.00000e+000	7.50000e-003	7.47636e-001
6.00000e+000	1.25000e-002	8.20504e-001
6.00000e+000	1.75000e-002	8.72327e-001
6.00000e+000	2.25000e-002	9.12626e-001
6.00000e+000	2.75000e-002	9.45688e-001
6.00000e+000	3.25000e-002	9.73762e-001
6.00000e+000	3.75000e-002	9.98158e-001
6.00000e+000	4.25000e-002	1.01969e+000
6.00000e+000	4.75000e-002	1.03888e+000
6.00000e+000	5.25000e-002	1.05606e+000
6.00000e+000	5.75000e-002	1.07147e+000
6.00000e+000	6.25000e-002	1.08521e+000
6.00000e+000	6.75000e-002	1.09733e+000
6.00000e+000	7.25000e-002	1.10784e+000
6.00000e+000	7.75000e-002	1.11669e+000
6.00000e+000	8.25000e-002	1.12381e+000
6.00000e+000	8.75000e-002	1.12917e+000
6.00000e+000	9.25000e-002	1.13273e+000
6.00000e+000	9.75000e-002	1.13451e+000
6.00000e+000	1.02500e-001	1.13451e+000
6.00000e+000	1.07500e-001	1.13273e+000
6.00000e+000	1.12500e-001	1.12917e+000
6.00000e+000	1.17500e-001	1.12381e+000
6.00000e+000	1.22500e-001	1.11669e+000
6.00000e+000	1.27500e-001	1.10784e+000
6.00000e+000	1.32500e-001	1.09733e+000
6.00000e+000	1.37500e-001	1.08521e+000
6.00000e+000	1.42500e-001	1.07147e+000
6.00000e+000	1.47500e-001	1.05606e+000
6.00000e+000	1.52500e-001	1.03888e+000
6.00000e+000	1.57500e-001	1.01969e+000
6.00000e+000	1.62500e-001	9.98158e-001
6.00000e+000	1.67500e-001	9.73762e-001
6.00000e+000	1.72500e-001	9.45688e-001
6.00000e+000	1.77500e-001	9.12626e-001
6.00000e+000	1.82500e-001	8.72327e-001
6.00000e+000	1.87500e-001	8.20504e-001
6.00000e+000	1.92500e-001	7.47636e-001
6.00000e+000	1.97500e-001	6.15933e-001
6.00000e+000	2.00000e-001	-2.33147e-015

6.50000e+000	0.00000e+000	0.00000e+000
6.50000e+000	2.50000e-003	6.17347e-001
6.50000e+000	7.50000e-003	7.49329e-001
6.50000e+000	1.25000e-002	8.22345e-001
6.50000e+000	1.75000e-002	8.74241e-001
6.50000e+000	2.25000e-002	9.14539e-001
6.50000e+000	2.75000e-002	9.47532e-001
6.50000e+000	3.25000e-002	9.75471e-001
6.50000e+000	3.75000e-002	9.99668e-001
6.50000e+000	4.25000e-002	1.02094e+000
6.50000e+000	4.75000e-002	1.03980e+000
6.50000e+000	5.25000e-002	1.05661e+000
6.50000e+000	5.75000e-002	1.07157e+000
6.50000e+000	6.25000e-002	1.08482e+000
6.50000e+000	6.75000e-002	1.09642e+000
6.50000e+000	7.25000e-002	1.10638e+000
6.50000e+000	7.75000e-002	1.11468e+000
6.50000e+000	8.25000e-002	1.12132e+000
6.50000e+000	8.75000e-002	1.12627e+000
6.50000e+000	9.25000e-002	1.12955e+000
6.50000e+000	9.75000e-002	1.13118e+000
6.50000e+000	1.02500e-001	1.13118e+000
6.50000e+000	1.07500e-001	1.12955e+000
6.50000e+000	1.12500e-001	1.12627e+000
6.50000e+000	1.17500e-001	1.12132e+000
6.50000e+000	1.22500e-001	1.11468e+000
6.50000e+000	1.27500e-001	1.10638e+000
6.50000e+000	1.32500e-001	1.09642e+000
6.50000e+000	1.37500e-001	1.08482e+000
6.50000e+000	1.42500e-001	1.07157e+000
6.50000e+000	1.47500e-001	1.05661e+000
6.50000e+000	1.52500e-001	1.03980e+000
6.50000e+000	1.57500e-001	1.02094e+000
6.50000e+000	1.62500e-001	9.99668e-001
6.50000e+000	1.67500e-001	9.75471e-001
6.50000e+000	1.72500e-001	9.47532e-001
6.50000e+000	1.77500e-001	9.14539e-001
6.50000e+000	1.82500e-001	8.74241e-001
6.50000e+000	1.87500e-001	8.22345e-001
6.50000e+000	1.92500e-001	7.49329e-001
6.50000e+000	1.97500e-001	6.17347e-001
6.50000e+000	2.00000e-001	-2.33147e-015

7.00000e+000	0.00000e+000	0.00000e+000
7.00000e+000	2.50000e-003	6.18149e-001
7.00000e+000	7.50000e-003	7.50347e-001
7.00000e+000	1.25000e-002	8.23502e-001
7.00000e+000	1.75000e-002	8.75492e-001
7.00000e+000	2.25000e-002	9.15833e-001
7.00000e+000	2.75000e-002	9.48816e-001
7.00000e+000	3.25000e-002	9.76693e-001
7.00000e+000	3.75000e-002	1.00077e+000
7.00000e+000	4.25000e-002	1.02188e+000
7.00000e+000	4.75000e-002	1.04052e+000
7.00000e+000	5.25000e-002	1.05706e+000
7.00000e+000	5.75000e-002	1.07171e+000
7.00000e+000	6.25000e-002	1.08461e+000
7.00000e+000	6.75000e-002	1.09582e+000
7.00000e+000	7.25000e-002	1.10539e+000
7.00000e+000	7.75000e-002	1.11331e+000
7.00000e+000	8.25000e-002	1.11960e+000
7.00000e+000	8.75000e-002	1.12427e+000
7.00000e+000	9.25000e-002	1.12735e+000
7.00000e+000	9.75000e-002	1.12888e+000
7.00000e+000	1.02500e-001	1.12888e+000
7.00000e+000	1.07500e-001	1.12735e+000
7.00000e+000	1.12500e-001	1.12427e+000
7.00000e+000	1.17500e-001	1.11960e+000
7.00000e+000	1.22500e-001	1.11331e+000
7.00000e+000	1.27500e-001	1.10539e+000
7.00000e+000	1.32500e-001	1.09582e+000
7.00000e+000	1.37500e-001	1.08461e+000
7.00000e+000	1.42500e-001	1.07171e+000
7.00000e+000	1.47500e-001	1.05706e+000
7.00000e+000	1.52500e-001	1.04052e+000
7.00000e+000	1.57500e-001	1.02188e+000
7.00000e+000	1.62500e-001	1.00077e+000
7.00000e+000	1.67500e-001	9.76693e-001
7.00000e+000	1.72500e-001	9.48816e-001
7.00000e+000	1.77500e-001	9.15833e-001
7.00000e+000	1.82500e-001	8.75492e-001
7.00000e+000	1.87500e-001	8.23502e-001
7.00000e+000	1.92500e-001	7.50347e-001
7.00000e+000	1.97500e-001	6.18149e-001
7.00000e+000	2.00000e-001	-2.33147e-015

7.50000e+000	0.00000e+000	0.00000e+000
7.50000e+000	2.50000e-003	6.18519e-001
7.50000e+000	7.50000e-003	7.50870e-001
7.50000e+000	1.25000e-002	8.24139e-001
7.50000e+000	1.75000e-002	8.76222e-001
7.50000e+000	2.25000e-002	9.16625e-001
7.50000e+000	2.75000e-002	9.49634e-001
7.50000e+000	3.25000e-002	9.77498e-001
7.50000e+000	3.75000e-002	1.00153e+000
7.50000e+000	4.25000e-002	1.02254e+000
7.50000e+000	4.75000e-002	1.04105e+000
7.50000e+000	5.25000e-002	1.05742e+000
7.50000e+000	5.75000e-002	1.07187e+000
7.50000e+000	6.25000e-002	1.08452e+000
7.50000e+000	6.75000e-002	1.09548e+000
7.50000e+000	7.25000e-002	1.10478e+000
7.50000e+000	7.75000e-002	1.11245e+000
7.50000e+000	8.25000e-002	1.11851e+000
7.50000e+000	8.75000e-002	1.12299e+000
7.50000e+000	9.25000e-002	1.12594e+000
7.50000e+000	9.75000e-002	1.12741e+000
7.50000e+000	1.02500e-001	1.12741e+000
7.50000e+000	1.07500e-001	1.12594e+000
7.50000e+000	1.12500e-001	1.12299e+000
7.50000e+000	1.17500e-001	1.11851e+000
7.50000e+000	1.22500e-001	1.11245e+000
7.50000e+000	1.27500e-001	1.10478e+000
7.50000e+000	1.32500e-001	1.09548e+000
7.50000e+000	1.37500e-001	1.08452e+000
7.50000e+000	1.42500e-001	1.07187e+000
7.50000e+000	1.47500e-001	1.05742e+000
7.50000e+000	1.52500e-001	1.04105e+000
7.50000e+000	1.57500e-001	1.02254e+000
7.50000e+000	1.62500e-001	1.00153e+000
7.50000e+000	1.67500e-001	9.77498e-001
7.50000e+000	1.72500e-001	9.49634e-001
7.50000e+000	1.77500e-001	9.16625e-001
7.50000e+000	1.82500e-001	8.76222e-001
7.50000e+000	1.87500e-001	8.24139e-001
7.50000e+000	1.92500e-001	7.50870e-001
7.50000e+000	1.97500e-001	6.18519e-001
7.50000e+000	2.00000e-001	-2.33147e-015

8.00000e+000	0.00000e+000	0.00000e+000
8.00000e+000	2.50000e-003	6.18611e-001
8.00000e+000	7.50000e-003	7.51062e-001
8.00000e+000	1.25000e-002	8.24420e-001
8.00000e+000	1.75000e-002	8.76585e-001
8.00000e+000	2.25000e-002	9.17052e-001
8.00000e+000	2.75000e-002	9.50102e-001
8.00000e+000	3.25000e-002	9.77983e-001
8.00000e+000	3.75000e-002	1.00200e+000
8.00000e+000	4.25000e-002	1.02297e+000
8.00000e+000	4.75000e-002	1.04142e+000
8.00000e+000	5.25000e-002	1.05770e+000
8.00000e+000	5.75000e-002	1.07202e+000
8.00000e+000	6.25000e-002	1.08453e+000
8.00000e+000	6.75000e-002	1.09533e+000
8.00000e+000	7.25000e-002	1.10446e+000
8.00000e+000	7.75000e-002	1.11197e+000
8.00000e+000	8.25000e-002	1.11788e+000
8.00000e+000	8.75000e-002	1.12225e+000
8.00000e+000	9.25000e-002	1.12512e+000
8.00000e+000	9.75000e-002	1.12654e+000
8.00000e+000	1.02500e-001	1.12654e+000
8.00000e+000	1.07500e-001	1.12512e+000
8.00000e+000	1.12500e-001	1.12225e+000
8.00000e+000	1.17500e-001	1.11788e+000
8.00000e+000	1.22500e-001	1.11197e+000
8.00000e+000	1.27500e-001	1.10446e+000
8.00000e+000	1.32500e-001	1.09533e+000
8.00000e+000	1.37500e-001	1.08453e+000
8.00000e+000	1.42500e-001	1.07202e+000
8.00000e+000	1.47500e-001	1.05770e+000
8.00000e+000	1.52500e-001	1.04142e+000
8.00000e+000	1.57500e-001	1.02297e+000
8.00000e+000	1.62500e-001	1.00200e+000
8.00000e+000	1.67500e-001	9.77983e-001
8.00000e+000	1.72500e-001	9.50102e-001
8.00000e+000	1.77500e-001	9.17052e-001
8.00000e+000	1.82500e-001	8.76585e-001
8.00000e+000	1.87500e-001	8.24420e-001
8.00000e+000	1.92500e-001	7.51062e-001
8.00000e+000	1.97500e-001	6.18611e-001
8.00000e+000	2.00000e-001	-2.33147e-015

8.50000e+000	0.00000e+000	0.00000e+000
8.50000e+000	2.50000e-003	6.18594e-001
8.50000e+000	7.50000e-003	7.51110e-001
8.50000e+000	1.25000e-002	8.24509e-001
8.50000e+000	1.75000e-002	8.76714e-001
8.50000e+000	2.25000e-002	9.17222e-001
8.50000e+000	2.75000e-002	9.50309e-001
8.50000e+000	3.25000e-002	9.78217e-001
8.50000e+000	3.75000e-002	1.00225e+000
8.50000e+000	4.25000e-002	1.02322e+000
8.50000e+000	4.75000e-002	1.04164e+000
8.50000e+000	5.25000e-002	1.05788e+000
8.50000e+000	5.75000e-002	1.07214e+000
8.50000e+000	6.25000e-002	1.08458e+000
8.50000e+000	6.75000e-002	1.09529e+000
8.50000e+000	7.25000e-002	1.10434e+000
8.50000e+000	7.75000e-002	1.11175e+000
8.50000e+000	8.25000e-002	1.11758e+000
8.50000e+000	8.75000e-002	1.12187e+000
8.50000e+000	9.25000e-002	1.12469e+000
8.50000e+000	9.75000e-002	1.12609e+000
8.50000e+000	1.02500e-001	1.12609e+000
8.50000e+000	1.07500e-001	1.12469e+000
8.50000e+000	1.12500e-001	1.12187e+000
8.50000e+000	1.17500e-001	1.11758e+000
8.50000e+000	1.22500e-001	1.11175e+000
8.50000e+000	1.27500e-001	1.10434e+000
8.50000e+000	1.32500e-001	1.09529e+000
8.50000e+000	1.37500e-001	1.08458e+000
8.50000e+000	1.42500e-001	1.07214e+000
8.50000e+000	1.47500e-001	1.05788e+000
8.50000e+000	1.52500e-001	1.04164e+000
8.50000e+000	1.57500e-001	1.02322e+000
8.50000e+000	1.62500e-001	1.00225e+000
8.50000e+000	1.67500e-001	9.78217e-001
8.50000e+000	1.72500e-001	9.50309e-001
8.50000e+000	1.77500e-001	9.17222e-001
8.50000e+000	1.82500e-001	8.76714e-001
8.50000e+000	1.87500e-001	8.24509e-001
8.50000e+000	1.92500e-001	7.51110e-001
8.50000e+000	1.97500e-001	6.18594e-001
8.50000e+000	2.00000e-001	-2.33147e-015

9.00000e+000	0.00000e+000	0.00000e+000
9.00000e+000	2.50000e-003	6.18649e-001
9.00000e+000	7.50000e-003	7.50579e-001
9.00000e+000	1.25000e-002	8.23909e-001
9.00000e+000	1.75000e-002	8.76254e-001
9.00000e+000	2.25000e-002	9.16932e-001
9.00000e+000	2.75000e-002	9.50171e-001
9.00000e+000	3.25000e-002	9.78203e-001
9.00000e+000	3.75000e-002	1.00233e+000
9.00000e+000	4.25000e-002	1.02337e+000
9.00000e+000	4.75000e-002	1.04185e+000
9.00000e+000	5.25000e-002	1.05811e+000
9.00000e+000	5.75000e-002	1.07238e+000
9.00000e+000	6.25000e-002	1.08482e+000
9.00000e+000	6.75000e-002	1.09551e+000
9.00000e+000	7.25000e-002	1.10452e+000
9.00000e+000	7.75000e-002	1.11189e+000
9.00000e+000	8.25000e-002	1.11769e+000
9.00000e+000	8.75000e-002	1.12195e+000
9.00000e+000	9.25000e-002	1.12475e+000
9.00000e+000	9.75000e-002	1.12613e+000
9.00000e+000	1.02500e-001	1.12613e+000
9.00000e+000	1.07500e-001	1.12475e+000
9.00000e+000	1.12500e-001	1.12195e+000
9.00000e+000	1.17500e-001	1.11769e+000
9.00000e+000	1.22500e-001	1.11189e+000
9.00000e+000	1.27500e-001	1.10452e+000
9.00000e+000	1.32500e-001	1.09551e+000
9.00000e+000	1.37500e-001	1.08482e+000
9.00000e+000	1.42500e-001	1.07238e+000
9.00000e+000	1.47500e-001	1.05811e+000
9.00000e+000	1.52500e-001	1.04185e+000
9.00000e+000	1.57500e-001	1.02337e+000
9.00000e+000	1.62500e-001	1.00233e+000
9.00000e+000	1.67500e-001	9.78203e-001
9.00000e+000	1.72500e-001	9.50171e-001
9.00000e+000	1.77500e-001	9.16932e-001
9.00000e+000	1.82500e-001	8.76254e-001
9.00000e+000	1.87500e-001	8.23909e-001
9.00000e+000	1.92500e-001	7.50579e-001
9.00000e+000	1.97500e-001	6.18649e-001
9.00000e+000	2.00000e-001	-2.33147e-015

9.50000e+000	0.00000e+000	0.00000e+000
9.50000e+000	2.50000e-003	6.04232e-001
9.50000e+000	7.50000e-003	7.44572e-001
9.50000e+000	1.25000e-002	8.22097e-001
9.50000e+000	1.75000e-002	8.76219e-001
9.50000e+000	2.25000e-002	9.17783e-001
9.50000e+000	2.75000e-002	9.51507e-001
9.50000e+000	3.25000e-002	9.79812e-001
9.50000e+000	3.75000e-002	1.00409e+000
9.50000e+000	4.25000e-002	1.02519e+000
9.50000e+000	4.75000e-002	1.04367e+000
9.50000e+000	5.25000e-002	1.05988e+000
9.50000e+000	5.75000e-002	1.07408e+000
9.50000e+000	6.25000e-002	1.08641e+000
9.50000e+000	6.75000e-002	1.09697e+000
9.50000e+000	7.25000e-002	1.10585e+000
9.50000e+000	7.75000e-002	1.11311e+000
9.50000e+000	8.25000e-002	1.11879e+000
9.50000e+000	8.75000e-002	1.12297e+000
9.50000e+000	9.25000e-002	1.12571e+000
9.50000e+000	9.75000e-002	1.12706e+000
9.50000e+000	1.02500e-001	1.12706e+000
9.50000e+000	1.07500e-001	1.12571e+000
9.50000e+000	1.12500e-001	1.12297e+000
9.50000e+000	1.17500e-001	1.11879e+000
9.50000e+000	1.22500e-001	1.11311e+000
9.50000e+000	1.27500e-001	1.10585e+000
9.50000e+000	1.32500e-001	1.09697e+000
9.50000e+000	1.37500e-001	1.08641e+000
9.50000e+000	1.42500e-001	1.07408e+000
9.50000e+000	1.47500e-001	1.05988e+000
9.50000e+000	1.52500e-001	1.04367e+000
9.50000e+000	1.57500e-001	1.02519e+000
9.50000e+000	1.62500e-001	1.00409e+000
9.50000e+000	1.67500e-001	9.79812e-001
9.50000e+000	1.72500e-001	9.51507e-001
9.50000e+000	1.77500e-001	9.17783e-001
9.50000e+000	1.82500e-001	8.76219e-001
9.50000e+000	1.87500e-001	8.22097e-001
9.50000e+000	1.92500e-001	7.44572e-001
9.50000e+000	1.97500e-001	6.04232e-001
9.50000e+000	2.00000e-001	-2.33147e-015

1.00000e+001	0.00000e+000	0.00000e+000
1.00000e+001	2.50000e-003	6.04232e-001
1.00000e+001	7.50000e-003	7.44572e-001
1.00000e+001	1.25000e-002	8.22097e-001
1.00000e+001	1.75000e-002	8.76219e-001
1.00000e+001	2.25000e-002	9.17783e-001
1.00000e+001	2.75000e-002	9.51507e-001
1.00000e+001	3.25000e-002	9.79812e-001
1.00000e+001	3.75000e-002	1.00409e+000
1.00000e+001	4.25000e-002	1.02519e+000
1.00000e+001	4.75000e-002	1.04367e+000
1.00000e+001	5.25000e-002	1.05988e+000
1.00000e+001	5.75000e-002	1.07408e+000
1.00000e+001	6.25000e-002	1.08641e+000
1.00000e+001	6.75000e-002	1.09697e+000
1.00000e+001	7.25000e-002	1.10585e+000
1.00000e+001	7.75000e-002	1.11311e+000
1.00000e+001	8.25000e-002	1.11879e+000
1.00000e+001	8.75000e-002	1.12297e+000
1.00000e+001	9.25000e-002	1.12571e+000
1.00000e+001	9.75000e-002	1.12706e+000
1.00000e+001	1.02500e-001	1.12706e+000
1.00000e+001	1.07500e-001	1.12571e+000
1.00000e+001	1.12500e-001	1.12297e+000
1.00000e+001	1.17500e-001	1.11879e+000
1.00000e+001	1.22500e-001	1.11311e+000
1.00000e+001	1.27500e-001	1.10585e+000
1.00000e+001	1.32500e-001	1.09697e+000
1.00000e+001	1.37500e-001	1.08641e+000
1.00000e+001	1.42500e-001	1.07408e+000
1.00000e+001	1.47500e-001	1.05988e+000
1.00000e+001	1.52500e-001	1.04367e+000
1.00000e+001	1.57500e-001	1.02519e+000
1.00000e+001	1.62500e-001	1.00409e+000
1.00000e+001	1.67500e-001	9.79812e-001
1.00000e+001	1.72500e-001	9.51507e-001
1.00000e+001	1.77500e-001	9.17783e-001
1.00000e+001	1.82500e-001	8.76219e-001
1.00000e+001	1.87500e-001	8.22097e-001
1.00000e+001	1.92500e-001	7.44572e-001
1.00000e+001	1.97500e-001	6.04232e-001
1.00000e+001	2.00000e-001	-2.33147e-015

