0.00000e+000	0.00000e+000	0.00000e+000
0.00000e+000	5.00000e-003	0.00000e+000
0.00000e+000	1.00000e-002	0.00000e+000
0.00000e+000	1.50000e-002	0.00000e+000
0.00000e+000	2.00000e-002	0.00000e+000
0.00000e+000	2.50000e-002	0.00000e+000
0.00000e+000	3.00000e-002	0.00000e+000
0.00000e+000	3.50000e-002	0.00000e+000
0.00000e+000	4.00000e-002	0.00000e+000
0.00000e+000	4.50000e-002	0.00000e+000
0.00000e+000	5.00000e-002	0.00000e+000
0.00000e+000	5.50000e-002	0.00000e+000
0.00000e+000	6.00000e-002	0.00000e+000
0.00000e+000	6.50000e-002	0.00000e+000
0.00000e+000	7.00000e-002	0.00000e+000
0.00000e+000	7.50000e-002	0.00000e+000
0.00000e+000	8.00000e-002	0.00000e+000
0.00000e+000	8.50000e-002	0.00000e+000
0.00000e+000	9.00000e-002	0.00000e+000
0.00000e+000	9.50000e-002	0.00000e+000
0.00000e+000	1.00000e-001	0.00000e+000
0.00000e+000	1.05000e-001	0.00000e+000
0.00000e+000	1.10000e-001	0.00000e+000
0.00000e+000	1.15000e-001	0.00000e+000
0.00000e+000	1.20000e-001	0.00000e+000
0.00000e+000	1.25000e-001	0.00000e+000
0.00000e+000	1.30000e-001	0.00000e+000
0.00000e+000	1.35000e-001	0.00000e+000
0.00000e+000	1.40000e-001	0.00000e+000
0.00000e+000	1.45000e-001	0.00000e+000
0.00000e+000	1.50000e-001	0.00000e+000
0.00000e+000	1.55000e-001	0.00000e+000
0.00000e+000	1.60000e-001	0.00000e+000
0.00000e+000	1.65000e-001	0.00000e+000
0.00000e+000	1.70000e-001	0.00000e+000
0.00000e+000	1.75000e-001	0.00000e+000
0.00000e+000	1.80000e-001	0.00000e+000
0.00000e+000	1.85000e-001	0.00000e+000
0.00000e+000	1.90000e-001	0.00000e+000
0.00000e+000	1.95000e-001	0.00000e+000
0.00000e+000	2.00000e-001	0.00000e+000

2.50000e-001	0.00000e+000	0.00000e+000
2.50000e-001	5.00000e-003	2.73747e-003
2.50000e-001	1.00000e-002	4.00310e-003
2.50000e-001	1.50000e-002	4.61748e-003
2.50000e-001	2.00000e-002	4.83786e-003
2.50000e-001	2.50000e-002	4.81949e-003
2.50000e-001	3.00000e-002	4.65946e-003
2.50000e-001	3.50000e-002	4.41719e-003
2.50000e-001	4.00000e-002	4.12781e-003
2.50000e-001	4.50000e-002	3.81166e-003
2.50000e-001	5.00000e-002	3.48034e-003
2.50000e-001	5.50000e-002	3.14044e-003
2.50000e-001	6.00000e-002	2.79573e-003
2.50000e-001	6.50000e-002	2.44836e-003
2.50000e-001	7.00000e-002	2.09957e-003
2.50000e-001	7.50000e-002	1.75004e-003
2.50000e-001	8.00000e-002	1.40018e-003
2.50000e-001	8.50000e-002	1.05017e-003
2.50000e-001	9.00000e-002	7.00114e-004
2.50000e-001	9.50000e-002	3.50055e-004
2.50000e-001	1.00000e-001	2.91736e-017
2.50000e-001	1.05000e-001	-3.50055e-004
2.50000e-001	1.10000e-001	-7.00114e-004
2.50000e-001	1.15000e-001	-1.05017e-003
2.50000e-001	1.20000e-001	-1.40018e-003
2.50000e-001	1.25000e-001	-1.75004e-003
2.50000e-001	1.30000e-001	-2.09957e-003
2.50000e-001	1.35000e-001	-2.44836e-003
2.50000e-001	1.40000e-001	-2.79573e-003
2.50000e-001	1.45000e-001	-3.14044e-003
2.50000e-001	1.50000e-001	-3.48034e-003
2.50000e-001	1.55000e-001	-3.81166e-003
2.50000e-001	1.60000e-001	-4.12781e-003
2.50000e-001	1.65000e-001	-4.41719e-003
2.50000e-001	1.70000e-001	-4.65946e-003
2.50000e-001	1.75000e-001	-4.81949e-003
2.50000e-001	1.80000e-001	-4.83786e-003
2.50000e-001	1.85000e-001	-4.61748e-003
2.50000e-001	1.90000e-001	-4.00310e-003
2.50000e-001	1.95000e-001	-2.73747e-003
2.50000e-001	2.00000e-001	0.00000e+000

7.50000e-001	0.00000e+000	0.00000e+000
7.50000e-001	5.00000e-003	8.53284e-004
7.50000e-001	1.00000e-002	1.70405e-003
7.50000e-001	1.50000e-002	2.40461e-003
7.50000e-001	2.00000e-002	2.92115e-003
7.50000e-001	2.50000e-002	3.25031e-003
7.50000e-001	3.00000e-002	3.40824e-003
7.50000e-001	3.50000e-002	3.42363e-003
7.50000e-001	4.00000e-002	3.33011e-003
7.50000e-001	4.50000e-002	3.15942e-003
7.50000e-001	5.00000e-002	2.93724e-003
7.50000e-001	5.50000e-002	2.68218e-003
7.50000e-001	6.00000e-002	2.40669e-003
7.50000e-001	6.50000e-002	2.11874e-003
7.50000e-001	7.00000e-002	1.82326e-003
7.50000e-001	7.50000e-002	1.52326e-003
7.50000e-001	8.00000e-002	1.22060e-003
7.50000e-001	8.50000e-002	9.16389e-004
7.50000e-001	9.00000e-002	6.11303e-004
7.50000e-001	9.50000e-002	3.05752e-004
7.50000e-001	1.00000e-001	1.24003e-017
7.50000e-001	1.05000e-001	-3.05752e-004
7.50000e-001	1.10000e-001	-6.11303e-004
7.50000e-001	1.15000e-001	-9.16389e-004
7.50000e-001	1.20000e-001	-1.22060e-003
7.50000e-001	1.25000e-001	-1.52326e-003
7.50000e-001	1.30000e-001	-1.82326e-003
7.50000e-001	1.35000e-001	-2.11874e-003
7.50000e-001	1.40000e-001	-2.40669e-003
7.50000e-001	1.45000e-001	-2.68218e-003
7.50000e-001	1.50000e-001	-2.93724e-003
7.50000e-001	1.55000e-001	-3.15942e-003
7.50000e-001	1.60000e-001	-3.33011e-003
7.50000e-001	1.65000e-001	-3.42363e-003
7.50000e-001	1.70000e-001	-3.40824e-003
7.50000e-001	1.75000e-001	-3.25031e-003
7.50000e-001	1.80000e-001	-2.92115e-003
7.50000e-001	1.85000e-001	-2.40461e-003
7.50000e-001	1.90000e-001	-1.70405e-003
7.50000e-001	1.95000e-001	-8.53284e-004
7.50000e-001	2.00000e-001	0.00000e+000

1.25000e+000	0.00000e+000	0.00000e+000
1.25000e+000	5.00000e-003	3.00266e-004
1.25000e+000	1.00000e-002	6.84256e-004
1.25000e+000	1.50000e-002	1.07597e-003
1.25000e+000	2.00000e-002	1.45326e-003
1.25000e+000	2.50000e-002	1.78915e-003
1.25000e+000	3.00000e-002	2.06056e-003
1.25000e+000	3.50000e-002	2.25134e-003
1.25000e+000	4.00000e-002	2.35361e-003
1.25000e+000	4.50000e-002	2.36836e-003
1.25000e+000	5.00000e-002	2.30463e-003
1.25000e+000	5.50000e-002	2.17679e-003
1.25000e+000	6.00000e-002	2.00077e-003
1.25000e+000	6.50000e-002	1.79098e-003
1.25000e+000	7.00000e-002	1.55878e-003
1.25000e+000	7.50000e-002	1.31226e-003
1.25000e+000	8.00000e-002	1.05685e-003
1.25000e+000	8.50000e-002	7.96054e-004
1.25000e+000	9.00000e-002	5.32105e-004
1.25000e+000	9.50000e-002	2.66430e-004
1.25000e+000	1.00000e-001	-1.97471e-017
1.25000e+000	1.05000e-001	-2.66430e-004
1.25000e+000	1.10000e-001	-5.32105e-004
1.25000e+000	1.15000e-001	-7.96054e-004
1.25000e+000	1.20000e-001	-1.05685e-003
1.25000e+000	1.25000e-001	-1.31226e-003
1.25000e+000	1.30000e-001	-1.55878e-003
1.25000e+000	1.35000e-001	-1.79098e-003
1.25000e+000	1.40000e-001	-2.00077e-003
1.25000e+000	1.45000e-001	-2.17679e-003
1.25000e+000	1.50000e-001	-2.30463e-003
1.25000e+000	1.55000e-001	-2.36836e-003
1.25000e+000	1.60000e-001	-2.35361e-003
1.25000e+000	1.65000e-001	-2.25134e-003
1.25000e+000	1.70000e-001	-2.06056e-003
1.25000e+000	1.75000e-001	-1.78915e-003
1.25000e+000	1.80000e-001	-1.45326e-003
1.25000e+000	1.85000e-001	-1.07597e-003
1.25000e+000	1.90000e-001	-6.84256e-004
1.25000e+000	1.95000e-001	-3.00266e-004
1.25000e+000	2.00000e-001	0.00000e+000

1.75000e+000	0.00000e+000	0.00000e+000
1.75000e+000	5.00000e-003	1.17470e-004
1.75000e+000	1.00000e-002	2.77611e-004
1.75000e+000	1.50000e-002	4.60701e-004
1.75000e+000	2.00000e-002	6.63634e-004
1.75000e+000	2.50000e-002	8.75427e-004
1.75000e+000	3.00000e-002	1.08256e-003
1.75000e+000	3.50000e-002	1.27095e-003
1.75000e+000	4.00000e-002	1.42722e-003
1.75000e+000	4.50000e-002	1.53973e-003
1.75000e+000	5.00000e-002	1.59980e-003
1.75000e+000	5.50000e-002	1.60282e-003
1.75000e+000	6.00000e-002	1.54913e-003
1.75000e+000	6.50000e-002	1.44404e-003
1.75000e+000	7.00000e-002	1.29640e-003
1.75000e+000	7.50000e-002	1.11641e-003
1.75000e+000	8.00000e-002	9.13556e-004
1.75000e+000	8.50000e-002	6.95550e-004
1.75000e+000	9.00000e-002	4.68101e-004
1.75000e+000	9.50000e-002	2.35265e-004
1.75000e+000	1.00000e-001	8.51363e-018
1.75000e+000	1.05000e-001	-2.35265e-004
1.75000e+000	1.10000e-001	-4.68101e-004
1.75000e+000	1.15000e-001	-6.95550e-004
1.75000e+000	1.20000e-001	-9.13556e-004
1.75000e+000	1.25000e-001	-1.11641e-003
1.75000e+000	1.30000e-001	-1.29640e-003
1.75000e+000	1.35000e-001	-1.44404e-003
1.75000e+000	1.40000e-001	-1.54913e-003
1.75000e+000	1.45000e-001	-1.60282e-003
1.75000e+000	1.50000e-001	-1.59980e-003
1.75000e+000	1.55000e-001	-1.53973e-003
1.75000e+000	1.60000e-001	-1.42722e-003
1.75000e+000	1.65000e-001	-1.27095e-003
1.75000e+000	1.70000e-001	-1.08256e-003
1.75000e+000	1.75000e-001	-8.75427e-004
1.75000e+000	1.80000e-001	-6.63634e-004
1.75000e+000	1.85000e-001	-4.60701e-004
1.75000e+000	1.90000e-001	-2.77611e-004
1.75000e+000	1.95000e-001	-1.17470e-004
1.75000e+000	2.00000e-001	0.00000e+000

2.25000e+000	0.00000e+000	0.00000e+000
2.25000e+000	5.00000e-003	3.41518e-005
2.25000e+000	1.00000e-002	9.07725e-005
2.25000e+000	1.50000e-002	1.65624e-004
2.25000e+000	2.00000e-002	2.59617e-004
2.25000e+000	2.50000e-002	3.69428e-004
2.25000e+000	3.00000e-002	4.89719e-004
2.25000e+000	3.50000e-002	6.13895e-004
2.25000e+000	4.00000e-002	7.34512e-004
2.25000e+000	4.50000e-002	8.43606e-004
2.25000e+000	5.00000e-002	9.33055e-004
2.25000e+000	5.50000e-002	9.95054e-004
2.25000e+000	6.00000e-002	1.02276e-003
2.25000e+000	6.50000e-002	1.01110e-003
2.25000e+000	7.00000e-002	9.57719e-004
2.25000e+000	7.50000e-002	8.63695e-004
2.25000e+000	8.00000e-002	7.33535e-004
2.25000e+000	8.50000e-002	5.74235e-004
2.25000e+000	9.00000e-002	3.93810e-004
2.25000e+000	9.50000e-002	2.00066e-004
2.25000e+000	1.00000e-001	-1.34035e-017
2.25000e+000	1.05000e-001	-2.00066e-004
2.25000e+000	1.10000e-001	-3.93810e-004
2.25000e+000	1.15000e-001	-5.74235e-004
2.25000e+000	1.20000e-001	-7.33535e-004
2.25000e+000	1.25000e-001	-8.63695e-004
2.25000e+000	1.30000e-001	-9.57719e-004
2.25000e+000	1.35000e-001	-1.01110e-003
2.25000e+000	1.40000e-001	-1.02276e-003
2.25000e+000	1.45000e-001	-9.95054e-004
2.25000e+000	1.50000e-001	-9.33055e-004
2.25000e+000	1.55000e-001	-8.43606e-004
2.25000e+000	1.60000e-001	-7.34512e-004
2.25000e+000	1.65000e-001	-6.13895e-004
2.25000e+000	1.70000e-001	-4.89719e-004
2.25000e+000	1.75000e-001	-3.69428e-004
2.25000e+000	1.80000e-001	-2.59617e-004
2.25000e+000	1.85000e-001	-1.65624e-004
2.25000e+000	1.90000e-001	-9.07725e-005
2.25000e+000	1.95000e-001	-3.41518e-005
2.25000e+000	2.00000e-001	0.00000e+000

2.75000e+000	0.00000e+000	0.00000e+000
2.75000e+000	5.00000e-003	-6.76246e-006
2.75000e+000	1.00000e-002	-1.69144e-006
2.75000e+000	1.50000e-002	1.55540e-005
2.75000e+000	2.00000e-002	4.66726e-005
2.75000e+000	2.50000e-002	9.10478e-005
2.75000e+000	3.00000e-002	1.46844e-004
2.75000e+000	3.50000e-002	2.11358e-004
2.75000e+000	4.00000e-002	2.81184e-004
2.75000e+000	4.50000e-002	3.52305e-004
2.75000e+000	5.00000e-002	4.20178e-004
2.75000e+000	5.50000e-002	4.79821e-004
2.75000e+000	6.00000e-002	5.25960e-004
2.75000e+000	6.50000e-002	5.53247e-004
2.75000e+000	7.00000e-002	5.56633e-004
2.75000e+000	7.50000e-002	5.31915e-004
2.75000e+000	8.00000e-002	4.76520e-004
2.75000e+000	8.50000e-002	3.90464e-004
2.75000e+000	9.00000e-002	2.77210e-004
2.75000e+000	9.50000e-002	1.43847e-004
2.75000e+000	1.00000e-001	1.61004e-017
2.75000e+000	1.05000e-001	-1.43847e-004
2.75000e+000	1.10000e-001	-2.77210e-004
2.75000e+000	1.15000e-001	-3.90464e-004
2.75000e+000	1.20000e-001	-4.76520e-004
2.75000e+000	1.25000e-001	-5.31915e-004
2.75000e+000	1.30000e-001	-5.56633e-004
2.75000e+000	1.35000e-001	-5.53247e-004
2.75000e+000	1.40000e-001	-5.25960e-004
2.75000e+000	1.45000e-001	-4.79821e-004
2.75000e+000	1.50000e-001	-4.20178e-004
2.75000e+000	1.55000e-001	-3.52305e-004
2.75000e+000	1.60000e-001	-2.81184e-004
2.75000e+000	1.65000e-001	-2.11358e-004
2.75000e+000	1.70000e-001	-1.46844e-004
2.75000e+000	1.75000e-001	-9.10478e-005
2.75000e+000	1.80000e-001	-4.66726e-005
2.75000e+000	1.85000e-001	-1.55540e-005
2.75000e+000	1.90000e-001	1.69144e-006
2.75000e+000	1.95000e-001	6.76246e-006
2.75000e+000	2.00000e-001	0.00000e+000

3.25000e+000	0.00000e+000	0.00000e+000
3.25000e+000	5.00000e-003	-2.76570e-005
3.25000e+000	1.00000e-002	-4.98944e-005
3.25000e+000	1.50000e-002	-6.46830e-005
3.25000e+000	2.00000e-002	-7.01623e-005
3.25000e+000	2.50000e-002	-6.59497e-005
3.25000e+000	3.00000e-002	-5.24468e-005
3.25000e+000	3.50000e-002	-3.06148e-005
3.25000e+000	4.00000e-002	-1.87651e-006
3.25000e+000	4.50000e-002	3.19322e-005
3.25000e+000	5.00000e-002	6.85930e-005
3.25000e+000	5.50000e-002	1.05530e-004
3.25000e+000	6.00000e-002	1.39843e-004
3.25000e+000	6.50000e-002	1.68369e-004
3.25000e+000	7.00000e-002	1.87789e-004
3.25000e+000	7.50000e-002	1.94841e-004
3.25000e+000	8.00000e-002	1.86692e-004
3.25000e+000	8.50000e-002	1.61548e-004
3.25000e+000	9.00000e-002	1.19552e-004
3.25000e+000	9.50000e-002	6.36986e-005
3.25000e+000	1.00000e-001	-1.14050e-017
3.25000e+000	1.05000e-001	-6.36986e-005
3.25000e+000	1.10000e-001	-1.19552e-004
3.25000e+000	1.15000e-001	-1.61548e-004
3.25000e+000	1.20000e-001	-1.86692e-004
3.25000e+000	1.25000e-001	-1.94841e-004
3.25000e+000	1.30000e-001	-1.87789e-004
3.25000e+000	1.35000e-001	-1.68369e-004
3.25000e+000	1.40000e-001	-1.39843e-004
3.25000e+000	1.45000e-001	-1.05530e-004
3.25000e+000	1.50000e-001	-6.85930e-005
3.25000e+000	1.55000e-001	-3.19322e-005
3.25000e+000	1.60000e-001	1.87651e-006
3.25000e+000	1.65000e-001	3.06148e-005
3.25000e+000	1.70000e-001	5.24468e-005
3.25000e+000	1.75000e-001	6.59497e-005
3.25000e+000	1.80000e-001	7.01623e-005
3.25000e+000	1.85000e-001	6.46830e-005
3.25000e+000	1.90000e-001	4.98944e-005
3.25000e+000	1.95000e-001	2.76570e-005
3.25000e+000	2.00000e-001	0.00000e+000

3.75000e+000	0.00000e+000	0.00000e+000
3.75000e+000	5.00000e-003	-3.78223e-005
3.75000e+000	1.00000e-002	-7.42430e-005
3.75000e+000	1.50000e-002	-1.06525e-004
3.75000e+000	2.00000e-002	-1.32811e-004
3.75000e+000	2.50000e-002	-1.52306e-004
3.75000e+000	3.00000e-002	-1.64766e-004
3.75000e+000	3.50000e-002	-1.70320e-004
3.75000e+000	4.00000e-002	-1.69394e-004
3.75000e+000	4.50000e-002	-1.62663e-004
3.75000e+000	5.00000e-002	-1.51021e-004
3.75000e+000	5.50000e-002	-1.35547e-004
3.75000e+000	6.00000e-002	-1.17470e-004
3.75000e+000	6.50000e-002	-9.81066e-005
3.75000e+000	7.00000e-002	-7.87740e-005
3.75000e+000	7.50000e-002	-6.06477e-005
3.75000e+000	8.00000e-002	-4.45715e-005
3.75000e+000	8.50000e-002	-3.08611e-005
3.75000e+000	9.00000e-002	-1.92606e-005
3.75000e+000	9.50000e-002	-9.19646e-006
3.75000e+000	1.00000e-001	1.48395e-016
3.75000e+000	1.05000e-001	9.19646e-006
3.75000e+000	1.10000e-001	1.92606e-005
3.75000e+000	1.15000e-001	3.08611e-005
3.75000e+000	1.20000e-001	4.45715e-005
3.75000e+000	1.25000e-001	6.06477e-005
3.75000e+000	1.30000e-001	7.87740e-005
3.75000e+000	1.35000e-001	9.81066e-005
3.75000e+000	1.40000e-001	1.17470e-004
3.75000e+000	1.45000e-001	1.35547e-004
3.75000e+000	1.50000e-001	1.51021e-004
3.75000e+000	1.55000e-001	1.62663e-004
3.75000e+000	1.60000e-001	1.69394e-004
3.75000e+000	1.65000e-001	1.70320e-004
3.75000e+000	1.70000e-001	1.64766e-004
3.75000e+000	1.75000e-001	1.52306e-004
3.75000e+000	1.80000e-001	1.32811e-004
3.75000e+000	1.85000e-001	1.06525e-004
3.75000e+000	1.90000e-001	7.42430e-005
3.75000e+000	1.95000e-001	3.78223e-005
3.75000e+000	2.00000e-001	0.00000e+000

4.25000e+000	0.00000e+000	0.00000e+000
4.25000e+000	5.00000e-003	-4.04663e-005
4.25000e+000	1.00000e-002	-8.20590e-005
4.25000e+000	1.50000e-002	-1.21795e-004
4.25000e+000	2.00000e-002	-1.57881e-004
4.25000e+000	2.50000e-002	-1.89319e-004
4.25000e+000	3.00000e-002	-2.15519e-004
4.25000e+000	3.50000e-002	-2.36151e-004
4.25000e+000	4.00000e-002	-2.51070e-004
4.25000e+000	4.50000e-002	-2.60270e-004
4.25000e+000	5.00000e-002	-2.63844e-004
4.25000e+000	5.50000e-002	-2.61938e-004
4.25000e+000	6.00000e-002	-2.54709e-004
4.25000e+000	6.50000e-002	-2.42259e-004
4.25000e+000	7.00000e-002	-2.24571e-004
4.25000e+000	7.50000e-002	-2.01445e-004
4.25000e+000	8.00000e-002	-1.72490e-004
4.25000e+000	8.50000e-002	-1.37297e-004
4.25000e+000	9.00000e-002	-9.58996e-005
4.25000e+000	9.50000e-002	-4.93801e-005
4.25000e+000	1.00000e-001	3.82473e-016
4.25000e+000	1.05000e-001	4.93801e-005
4.25000e+000	1.10000e-001	9.58996e-005
4.25000e+000	1.15000e-001	1.37297e-004
4.25000e+000	1.20000e-001	1.72490e-004
4.25000e+000	1.25000e-001	2.01445e-004
4.25000e+000	1.30000e-001	2.24571e-004
4.25000e+000	1.35000e-001	2.42259e-004
4.25000e+000	1.40000e-001	2.54709e-004
4.25000e+000	1.45000e-001	2.61938e-004
4.25000e+000	1.50000e-001	2.63844e-004
4.25000e+000	1.55000e-001	2.60270e-004
4.25000e+000	1.60000e-001	2.51070e-004
4.25000e+000	1.65000e-001	2.36151e-004
4.25000e+000	1.70000e-001	2.15519e-004
4.25000e+000	1.75000e-001	1.89319e-004
4.25000e+000	1.80000e-001	1.57881e-004
4.25000e+000	1.85000e-001	1.21795e-004
4.25000e+000	1.90000e-001	8.20590e-005
4.25000e+000	1.95000e-001	4.04663e-005
4.25000e+000	2.00000e-001	0.00000e+000

4.75000e+000	0.00000e+000	0.00000e+000
4.75000e+000	5.00000e-003	-3.72136e-005
4.75000e+000	1.00000e-002	-7.70250e-005
4.75000e+000	1.50000e-002	-1.16553e-004
4.75000e+000	2.00000e-002	-1.54141e-004
4.75000e+000	2.50000e-002	-1.88705e-004
4.75000e+000	3.00000e-002	-2.19459e-004
4.75000e+000	3.50000e-002	-2.45799e-004
4.75000e+000	4.00000e-002	-2.67241e-004
4.75000e+000	4.50000e-002	-2.83372e-004
4.75000e+000	5.00000e-002	-2.93811e-004
4.75000e+000	5.50000e-002	-2.98171e-004
4.75000e+000	6.00000e-002	-2.96024e-004
4.75000e+000	6.50000e-002	-2.86866e-004
4.75000e+000	7.00000e-002	-2.70108e-004
4.75000e+000	7.50000e-002	-2.45110e-004
4.75000e+000	8.00000e-002	-2.11330e-004
4.75000e+000	8.50000e-002	-1.68637e-004
4.75000e+000	9.00000e-002	-1.17753e-004
4.75000e+000	9.50000e-002	-6.05722e-005
4.75000e+000	1.00000e-001	8.40660e-016
4.75000e+000	1.05000e-001	6.05722e-005
4.75000e+000	1.10000e-001	1.17753e-004
4.75000e+000	1.15000e-001	1.68637e-004
4.75000e+000	1.20000e-001	2.11330e-004
4.75000e+000	1.25000e-001	2.45110e-004
4.75000e+000	1.30000e-001	2.70108e-004
4.75000e+000	1.35000e-001	2.86866e-004
4.75000e+000	1.40000e-001	2.96024e-004
4.75000e+000	1.45000e-001	2.98171e-004
4.75000e+000	1.50000e-001	2.93811e-004
4.75000e+000	1.55000e-001	2.83372e-004
4.75000e+000	1.60000e-001	2.67241e-004
4.75000e+000	1.65000e-001	2.45799e-004
4.75000e+000	1.70000e-001	2.19459e-004
4.75000e+000	1.75000e-001	1.88705e-004
4.75000e+000	1.80000e-001	1.54141e-004
4.75000e+000	1.85000e-001	1.16553e-004
4.75000e+000	1.90000e-001	7.70250e-005
4.75000e+000	1.95000e-001	3.72136e-005
4.75000e+000	2.00000e-001	0.00000e+000

5.25000e+000	0.00000e+000	0.00000e+000
5.25000e+000	5.00000e-003	-3.01923e-005
5.25000e+000	1.00000e-002	-6.36160e-005
5.25000e+000	1.50000e-002	-9.77828e-005
5.25000e+000	2.00000e-002	-1.31277e-004
5.25000e+000	2.50000e-002	-1.63038e-004
5.25000e+000	3.00000e-002	-1.92208e-004
5.25000e+000	3.50000e-002	-2.18056e-004
5.25000e+000	4.00000e-002	-2.39925e-004
5.25000e+000	4.50000e-002	-2.57198e-004
5.25000e+000	5.00000e-002	-2.69269e-004
5.25000e+000	5.50000e-002	-2.75518e-004
5.25000e+000	6.00000e-002	-2.75299e-004
5.25000e+000	6.50000e-002	-2.67940e-004
5.25000e+000	7.00000e-002	-2.52778e-004
5.25000e+000	7.50000e-002	-2.29261e-004
5.25000e+000	8.00000e-002	-1.97125e-004
5.25000e+000	8.50000e-002	-1.56656e-004
5.25000e+000	9.00000e-002	-1.08931e-004
5.25000e+000	9.50000e-002	-5.58684e-005
5.25000e+000	1.00000e-001	1.68472e-015
5.25000e+000	1.05000e-001	5.58684e-005
5.25000e+000	1.10000e-001	1.08931e-004
5.25000e+000	1.15000e-001	1.56656e-004
5.25000e+000	1.20000e-001	1.97125e-004
5.25000e+000	1.25000e-001	2.29261e-004
5.25000e+000	1.30000e-001	2.52778e-004
5.25000e+000	1.35000e-001	2.67940e-004
5.25000e+000	1.40000e-001	2.75299e-004
5.25000e+000	1.45000e-001	2.75518e-004
5.25000e+000	1.50000e-001	2.69269e-004
5.25000e+000	1.55000e-001	2.57198e-004
5.25000e+000	1.60000e-001	2.39925e-004
5.25000e+000	1.65000e-001	2.18056e-004
5.25000e+000	1.70000e-001	1.92208e-004
5.25000e+000	1.75000e-001	1.63038e-004
5.25000e+000	1.80000e-001	1.31277e-004
5.25000e+000	1.85000e-001	9.77828e-005
5.25000e+000	1.90000e-001	6.36160e-005
5.25000e+000	1.95000e-001	3.01923e-005
5.25000e+000	2.00000e-001	0.00000e+000

5.75000e+000	0.00000e+000	0.00000e+000
5.75000e+000	5.00000e-003	-2.18625e-005
5.75000e+000	1.00000e-002	-4.69440e-005
5.75000e+000	1.50000e-002	-7.33286e-005
5.75000e+000	2.00000e-002	-9.99218e-005
5.75000e+000	2.50000e-002	-1.25793e-004
5.75000e+000	3.00000e-002	-1.50128e-004
5.75000e+000	3.50000e-002	-1.72185e-004
5.75000e+000	4.00000e-002	-1.91272e-004
5.75000e+000	4.50000e-002	-2.06720e-004
5.75000e+000	5.00000e-002	-2.17868e-004
5.75000e+000	5.50000e-002	-2.24059e-004
5.75000e+000	6.00000e-002	-2.24637e-004
5.75000e+000	6.50000e-002	-2.18977e-004
5.75000e+000	7.00000e-002	-2.06543e-004
5.75000e+000	7.50000e-002	-1.86985e-004
5.75000e+000	8.00000e-002	-1.60290e-004
5.75000e+000	8.50000e-002	-1.26938e-004
5.75000e+000	9.00000e-002	-8.79898e-005
5.75000e+000	9.50000e-002	-4.50330e-005
5.75000e+000	1.00000e-001	3.35127e-015
5.75000e+000	1.05000e-001	4.50330e-005
5.75000e+000	1.10000e-001	8.79898e-005
5.75000e+000	1.15000e-001	1.26938e-004
5.75000e+000	1.20000e-001	1.60290e-004
5.75000e+000	1.25000e-001	1.86985e-004
5.75000e+000	1.30000e-001	2.06543e-004
5.75000e+000	1.35000e-001	2.18977e-004
5.75000e+000	1.40000e-001	2.24637e-004
5.75000e+000	1.45000e-001	2.24059e-004
5.75000e+000	1.50000e-001	2.17868e-004
5.75000e+000	1.55000e-001	2.06720e-004
5.75000e+000	1.60000e-001	1.91272e-004
5.75000e+000	1.65000e-001	1.72185e-004
5.75000e+000	1.70000e-001	1.50128e-004
5.75000e+000	1.75000e-001	1.25793e-004
5.75000e+000	1.80000e-001	9.99218e-005
5.75000e+000	1.85000e-001	7.33286e-005
5.75000e+000	1.90000e-001	4.69440e-005
5.75000e+000	1.95000e-001	2.18625e-005
5.75000e+000	2.00000e-001	0.00000e+000

6.25000e+000	0.00000e+000	0.00000e+000
6.25000e+000	5.00000e-003	-1.41424e-005
6.25000e+000	1.00000e-002	-3.10729e-005
6.25000e+000	1.50000e-002	-4.94826e-005
6.25000e+000	2.00000e-002	-6.86207e-005
6.25000e+000	2.50000e-002	-8.77557e-005
6.25000e+000	3.00000e-002	-1.06197e-004
6.25000e+000	3.50000e-002	-1.23286e-004
6.25000e+000	4.00000e-002	-1.38388e-004
6.25000e+000	4.50000e-002	-1.50881e-004
6.25000e+000	5.00000e-002	-1.60153e-004
6.25000e+000	5.50000e-002	-1.65605e-004
6.25000e+000	6.00000e-002	-1.66666e-004
6.25000e+000	6.50000e-002	-1.62826e-004
6.25000e+000	7.00000e-002	-1.53689e-004
6.25000e+000	7.50000e-002	-1.39060e-004
6.25000e+000	8.00000e-002	-1.19040e-004
6.25000e+000	8.50000e-002	-9.41055e-005
6.25000e+000	9.00000e-002	-6.51271e-005
6.25000e+000	9.50000e-002	-3.32964e-005
6.25000e+000	1.00000e-001	6.19519e-015
6.25000e+000	1.05000e-001	3.32964e-005
6.25000e+000	1.10000e-001	6.51271e-005
6.25000e+000	1.15000e-001	9.41055e-005
6.25000e+000	1.20000e-001	1.19040e-004
6.25000e+000	1.25000e-001	1.39060e-004
6.25000e+000	1.30000e-001	1.53689e-004
6.25000e+000	1.35000e-001	1.62826e-004
6.25000e+000	1.40000e-001	1.66666e-004
6.25000e+000	1.45000e-001	1.65605e-004
6.25000e+000	1.50000e-001	1.60153e-004
6.25000e+000	1.55000e-001	1.50881e-004
6.25000e+000	1.60000e-001	1.38388e-004
6.25000e+000	1.65000e-001	1.23286e-004
6.25000e+000	1.70000e-001	1.06197e-004
6.25000e+000	1.75000e-001	8.77557e-005
6.25000e+000	1.80000e-001	6.86207e-005
6.25000e+000	1.85000e-001	4.94826e-005
6.25000e+000	1.90000e-001	3.10729e-005
6.25000e+000	1.95000e-001	1.41424e-005
6.25000e+000	2.00000e-001	0.00000e+000

6.75000e+000	0.00000e+000	0.00000e+000
6.75000e+000	5.00000e-003	-8.01791e-006
6.75000e+000	1.00000e-002	-1.82016e-005
6.75000e+000	1.50000e-002	-2.97711e-005
6.75000e+000	2.00000e-002	-4.22820e-005
6.75000e+000	2.50000e-002	-5.52203e-005
6.75000e+000	3.00000e-002	-6.80599e-005
6.75000e+000	3.50000e-002	-8.02747e-005
6.75000e+000	4.00000e-002	-9.13406e-005
6.75000e+000	4.50000e-002	-1.00737e-004
6.75000e+000	5.00000e-002	-1.07950e-004
6.75000e+000	5.50000e-002	-1.12483e-004
6.75000e+000	6.00000e-002	-1.13873e-004
6.75000e+000	6.50000e-002	-1.11723e-004
6.75000e+000	7.00000e-002	-1.05746e-004
6.75000e+000	7.50000e-002	-9.58284e-005
6.75000e+000	8.00000e-002	-8.20839e-005
6.75000e+000	8.50000e-002	-6.48957e-005
6.75000e+000	9.00000e-002	-4.49057e-005
6.75000e+000	9.50000e-002	-2.29547e-005
6.75000e+000	1.00000e-001	1.09207e-014
6.75000e+000	1.05000e-001	2.29547e-005
6.75000e+000	1.10000e-001	4.49057e-005
6.75000e+000	1.15000e-001	6.48957e-005
6.75000e+000	1.20000e-001	8.20839e-005
6.75000e+000	1.25000e-001	9.58284e-005
6.75000e+000	1.30000e-001	1.05746e-004
6.75000e+000	1.35000e-001	1.11723e-004
6.75000e+000	1.40000e-001	1.13873e-004
6.75000e+000	1.45000e-001	1.12483e-004
6.75000e+000	1.50000e-001	1.07950e-004
6.75000e+000	1.55000e-001	1.00737e-004
6.75000e+000	1.60000e-001	9.13406e-005
6.75000e+000	1.65000e-001	8.02747e-005
6.75000e+000	1.70000e-001	6.80599e-005
6.75000e+000	1.75000e-001	5.52203e-005
6.75000e+000	1.80000e-001	4.22820e-005
6.75000e+000	1.85000e-001	2.97711e-005
6.75000e+000	1.90000e-001	1.82016e-005
6.75000e+000	1.95000e-001	8.01791e-006
6.75000e+000	2.00000e-001	0.00000e+000

7.25000e+000	0.00000e+000	0.00000e+000
7.25000e+000	5.00000e-003	-3.69821e-006
7.25000e+000	1.00000e-002	-8.92189e-006
7.25000e+000	1.50000e-002	-1.52910e-005
7.25000e+000	2.00000e-002	-2.25963e-005
7.25000e+000	2.50000e-002	-3.05196e-005
7.25000e+000	3.00000e-002	-3.87009e-005
7.25000e+000	3.50000e-002	-4.67585e-005
7.25000e+000	4.00000e-002	-5.42985e-005
7.25000e+000	4.50000e-002	-6.09208e-005
7.25000e+000	5.00000e-002	-6.62270e-005
7.25000e+000	5.50000e-002	-6.98310e-005
7.25000e+000	6.00000e-002	-7.13763e-005
7.25000e+000	6.50000e-002	-7.05616e-005
7.25000e+000	7.00000e-002	-6.71751e-005
7.25000e+000	7.50000e-002	-6.11349e-005
7.25000e+000	8.00000e-002	-5.25246e-005
7.25000e+000	8.50000e-002	-4.16114e-005
7.25000e+000	9.00000e-002	-2.88318e-005
7.25000e+000	9.50000e-002	-1.47491e-005
7.25000e+000	1.00000e-001	1.80645e-014
7.25000e+000	1.05000e-001	1.47491e-005
7.25000e+000	1.10000e-001	2.88318e-005
7.25000e+000	1.15000e-001	4.16114e-005
7.25000e+000	1.20000e-001	5.25246e-005
7.25000e+000	1.25000e-001	6.11349e-005
7.25000e+000	1.30000e-001	6.71751e-005
7.25000e+000	1.35000e-001	7.05616e-005
7.25000e+000	1.40000e-001	7.13763e-005
7.25000e+000	1.45000e-001	6.98310e-005
7.25000e+000	1.50000e-001	6.62270e-005
7.25000e+000	1.55000e-001	6.09208e-005
7.25000e+000	1.60000e-001	5.42985e-005
7.25000e+000	1.65000e-001	4.67585e-005
7.25000e+000	1.70000e-001	3.87009e-005
7.25000e+000	1.75000e-001	3.05196e-005
7.25000e+000	1.80000e-001	2.25963e-005
7.25000e+000	1.85000e-001	1.52910e-005
7.25000e+000	1.90000e-001	8.92189e-006
7.25000e+000	1.95000e-001	3.69821e-006
7.25000e+000	2.00000e-001	0.00000e+000

7.75000e+000	0.00000e+000	0.00000e+000
7.75000e+000	5.00000e-003	-9.22214e-007
7.75000e+000	1.00000e-002	-2.84725e-006
7.75000e+000	1.50000e-002	-5.65260e-006
7.75000e+000	2.00000e-002	-9.27499e-006
7.75000e+000	2.50000e-002	-1.35388e-005
7.75000e+000	3.00000e-002	-1.82204e-005
7.75000e+000	3.50000e-002	-2.30681e-005
7.75000e+000	4.00000e-002	-2.78115e-005
7.75000e+000	4.50000e-002	-3.21684e-005
7.75000e+000	5.00000e-002	-3.58524e-005
7.75000e+000	5.50000e-002	-3.85829e-005
7.75000e+000	6.00000e-002	-4.00991e-005
7.75000e+000	6.50000e-002	-4.01788e-005
7.75000e+000	7.00000e-002	-3.86632e-005
7.75000e+000	7.50000e-002	-3.54828e-005
7.75000e+000	8.00000e-002	-3.06803e-005
7.75000e+000	8.50000e-002	-2.44194e-005
7.75000e+000	9.00000e-002	-1.69737e-005
7.75000e+000	9.50000e-002	-8.69917e-006
7.75000e+000	1.00000e-001	2.82845e-014
7.75000e+000	1.05000e-001	8.69917e-006
7.75000e+000	1.10000e-001	1.69737e-005
7.75000e+000	1.15000e-001	2.44194e-005
7.75000e+000	1.20000e-001	3.06803e-005
7.75000e+000	1.25000e-001	3.54828e-005
7.75000e+000	1.30000e-001	3.86632e-005
7.75000e+000	1.35000e-001	4.01788e-005
7.75000e+000	1.40000e-001	4.00991e-005
7.75000e+000	1.45000e-001	3.85829e-005
7.75000e+000	1.50000e-001	3.58524e-005
7.75000e+000	1.55000e-001	3.21684e-005
7.75000e+000	1.60000e-001	2.78115e-005
7.75000e+000	1.65000e-001	2.30681e-005
7.75000e+000	1.70000e-001	1.82204e-005
7.75000e+000	1.75000e-001	1.35388e-005
7.75000e+000	1.80000e-001	9.27499e-006
7.75000e+000	1.85000e-001	5.65260e-006
7.75000e+000	1.90000e-001	2.84725e-006
7.75000e+000	1.95000e-001	9.22214e-007
7.75000e+000	2.00000e-001	0.00000e+000

8.25000e+000	0.00000e+000	0.00000e+000
8.25000e+000	5.00000e-003	1.76255e-007
8.25000e+000	1.00000e-002	-3.04185e-007
8.25000e+000	1.50000e-002	-1.19797e-006
8.25000e+000	2.00000e-002	-2.49031e-006
8.25000e+000	2.50000e-002	-4.19099e-006
8.25000e+000	3.00000e-002	-6.25689e-006
8.25000e+000	3.50000e-002	-8.59107e-006
8.25000e+000	4.00000e-002	-1.10564e-005
8.25000e+000	4.50000e-002	-1.34883e-005
8.25000e+000	5.00000e-002	-1.57065e-005
8.25000e+000	5.50000e-002	-1.75250e-005
8.25000e+000	6.00000e-002	-1.87648e-005
8.25000e+000	6.50000e-002	-1.92675e-005
8.25000e+000	7.00000e-002	-1.89126e-005
8.25000e+000	7.50000e-002	-1.76345e-005
8.25000e+000	8.00000e-002	-1.54375e-005
8.25000e+000	8.50000e-002	-1.24012e-005
8.25000e+000	9.00000e-002	-8.67535e-006
8.25000e+000	9.50000e-002	-4.46297e-006
8.25000e+000	1.00000e-001	4.19299e-014
8.25000e+000	1.05000e-001	4.46297e-006
8.25000e+000	1.10000e-001	8.67535e-006
8.25000e+000	1.15000e-001	1.24012e-005
8.25000e+000	1.20000e-001	1.54375e-005
8.25000e+000	1.25000e-001	1.76345e-005
8.25000e+000	1.30000e-001	1.89126e-005
8.25000e+000	1.35000e-001	1.92675e-005
8.25000e+000	1.40000e-001	1.87648e-005
8.25000e+000	1.45000e-001	1.75250e-005
8.25000e+000	1.50000e-001	1.57065e-005
8.25000e+000	1.55000e-001	1.34883e-005
8.25000e+000	1.60000e-001	1.10564e-005
8.25000e+000	1.65000e-001	8.59107e-006
8.25000e+000	1.70000e-001	6.25689e-006
8.25000e+000	1.75000e-001	4.19099e-006
8.25000e+000	1.80000e-001	2.49031e-006
8.25000e+000	1.85000e-001	1.19797e-006
8.25000e+000	1.90000e-001	3.04185e-007
8.25000e+000	1.95000e-001	-1.76255e-007
8.25000e+000	2.00000e-001	0.00000e+000

8.75000e+000	0.00000e+000	0.00000e+000
8.75000e+000	5.00000e-003	-5.58509e-007
8.75000e+000	1.00000e-002	4.75366e-006
8.75000e+000	1.50000e-002	1.07550e-005
8.75000e+000	2.00000e-002	1.53521e-005
8.75000e+000	2.50000e-002	1.82479e-005
8.75000e+000	3.00000e-002	1.96265e-005
8.75000e+000	3.50000e-002	1.97626e-005
8.75000e+000	4.00000e-002	1.89274e-005
8.75000e+000	4.50000e-002	1.73709e-005
8.75000e+000	5.00000e-002	1.53220e-005
8.75000e+000	5.50000e-002	1.29902e-005
8.75000e+000	6.00000e-002	1.05660e-005
8.75000e+000	6.50000e-002	8.21688e-006
8.75000e+000	7.00000e-002	6.08108e-006
8.75000e+000	7.50000e-002	4.25824e-006
8.75000e+000	8.00000e-002	2.80123e-006
8.75000e+000	8.50000e-002	1.71181e-006
8.75000e+000	9.00000e-002	9.43233e-007
8.75000e+000	9.50000e-002	4.09774e-007
8.75000e+000	1.00000e-001	5.83131e-014
8.75000e+000	1.05000e-001	-4.09774e-007
8.75000e+000	1.10000e-001	-9.43233e-007
8.75000e+000	1.15000e-001	-1.71181e-006
8.75000e+000	1.20000e-001	-2.80123e-006
8.75000e+000	1.25000e-001	-4.25824e-006
8.75000e+000	1.30000e-001	-6.08108e-006
8.75000e+000	1.35000e-001	-8.21688e-006
8.75000e+000	1.40000e-001	-1.05660e-005
8.75000e+000	1.45000e-001	-1.29902e-005
8.75000e+000	1.50000e-001	-1.53220e-005
8.75000e+000	1.55000e-001	-1.73709e-005
8.75000e+000	1.60000e-001	-1.89274e-005
8.75000e+000	1.65000e-001	-1.97626e-005
8.75000e+000	1.70000e-001	-1.96265e-005
8.75000e+000	1.75000e-001	-1.82479e-005
8.75000e+000	1.80000e-001	-1.53521e-005
8.75000e+000	1.85000e-001	-1.07550e-005
8.75000e+000	1.90000e-001	-4.75366e-006
8.75000e+000	1.95000e-001	5.58509e-007
8.75000e+000	2.00000e-001	0.00000e+000

9.25000e+000	0.00000e+000	0.00000e+000
9.25000e+000	5.00000e-003	1.44177e-004
9.25000e+000	1.00000e-002	2.04248e-004
9.25000e+000	1.50000e-002	2.22364e-004
9.25000e+000	2.00000e-002	2.22719e-004
9.25000e+000	2.50000e-002	2.14210e-004
9.25000e+000	3.00000e-002	2.00849e-004
9.25000e+000	3.50000e-002	1.84758e-004
9.25000e+000	4.00000e-002	1.67208e-004
9.25000e+000	4.50000e-002	1.49041e-004
9.25000e+000	5.00000e-002	1.30860e-004
9.25000e+000	5.50000e-002	1.13122e-004
9.25000e+000	6.00000e-002	9.61811e-005
9.25000e+000	6.50000e-002	8.03013e-005
9.25000e+000	7.00000e-002	6.56509e-005
9.25000e+000	7.50000e-002	5.22913e-005
9.25000e+000	8.00000e-002	4.01709e-005
9.25000e+000	8.50000e-002	2.91331e-005
9.25000e+000	9.00000e-002	1.89443e-005
9.25000e+000	9.50000e-002	9.32897e-006
9.25000e+000	1.00000e-001	6.85707e-014
9.25000e+000	1.05000e-001	-9.32897e-006
9.25000e+000	1.10000e-001	-1.89443e-005
9.25000e+000	1.15000e-001	-2.91331e-005
9.25000e+000	1.20000e-001	-4.01709e-005
9.25000e+000	1.25000e-001	-5.22913e-005
9.25000e+000	1.30000e-001	-6.56509e-005
9.25000e+000	1.35000e-001	-8.03013e-005
9.25000e+000	1.40000e-001	-9.61811e-005
9.25000e+000	1.45000e-001	-1.13122e-004
9.25000e+000	1.50000e-001	-1.30860e-004
9.25000e+000	1.55000e-001	-1.49041e-004
9.25000e+000	1.60000e-001	-1.67208e-004
9.25000e+000	1.65000e-001	-1.84758e-004
9.25000e+000	1.70000e-001	-2.00849e-004
9.25000e+000	1.75000e-001	-2.14210e-004
9.25000e+000	1.80000e-001	-2.22719e-004
9.25000e+000	1.85000e-001	-2.22364e-004
9.25000e+000	1.90000e-001	-2.04248e-004
9.25000e+000	1.95000e-001	-1.44177e-004
9.25000e+000	2.00000e-001	0.00000e+000

9.75000e+000	0.00000e+000	0.00000e+000
9.75000e+000	5.00000e-003	7.42849e-014
9.75000e+000	1.00000e-002	1.10781e-013
9.75000e+000	1.50000e-002	1.31937e-013
9.75000e+000	2.00000e-002	1.44150e-013
9.75000e+000	2.50000e-002	1.50504e-013
9.75000e+000	3.00000e-002	1.52702e-013
9.75000e+000	3.50000e-002	1.51767e-013
9.75000e+000	4.00000e-002	1.48362e-013
9.75000e+000	4.50000e-002	1.42934e-013
9.75000e+000	5.00000e-002	1.35792e-013
9.75000e+000	5.50000e-002	1.27155e-013
9.75000e+000	6.00000e-002	1.17172e-013
9.75000e+000	6.50000e-002	1.05947e-013
9.75000e+000	7.00000e-002	9.35493e-014
9.75000e+000	7.50000e-002	8.00445e-014
9.75000e+000	8.00000e-002	6.55070e-014
9.75000e+000	8.50000e-002	5.00439e-014
9.75000e+000	9.00000e-002	3.38211e-014
9.75000e+000	9.50000e-002	1.70512e-014
9.75000e+000	1.00000e-001	-3.33989e-018
9.75000e+000	1.05000e-001	-1.70580e-014
9.75000e+000	1.10000e-001	-3.38279e-014
9.75000e+000	1.15000e-001	-5.00526e-014
9.75000e+000	1.20000e-001	-6.55142e-014
9.75000e+000	1.25000e-001	-8.00519e-014
9.75000e+000	1.30000e-001	-9.35569e-014
9.75000e+000	1.35000e-001	-1.05955e-013
9.75000e+000	1.40000e-001	-1.17180e-013
9.75000e+000	1.45000e-001	-1.27163e-013
9.75000e+000	1.50000e-001	-1.35800e-013
9.75000e+000	1.55000e-001	-1.42942e-013
9.75000e+000	1.60000e-001	-1.48371e-013
9.75000e+000	1.65000e-001	-1.51778e-013
9.75000e+000	1.70000e-001	-1.52714e-013
9.75000e+000	1.75000e-001	-1.50514e-013
9.75000e+000	1.80000e-001	-1.44157e-013
9.75000e+000	1.85000e-001	-1.31944e-013
9.75000e+000	1.90000e-001	-1.10785e-013
9.75000e+000	1.95000e-001	-7.42862e-014
9.75000e+000	2.00000e-001	0.00000e+000

1.00000e+001	0.00000e+000	0.00000e+000
1.00000e+001	5.00000e-003	7.42849e-014
1.00000e+001	1.00000e-002	1.10781e-013
1.00000e+001	1.50000e-002	1.31937e-013
1.00000e+001	2.00000e-002	1.44150e-013
1.00000e+001	2.50000e-002	1.50504e-013
1.00000e+001	3.00000e-002	1.52702e-013
1.00000e+001	3.50000e-002	1.51767e-013
1.00000e+001	4.00000e-002	1.48362e-013
1.00000e+001	4.50000e-002	1.42934e-013
1.00000e+001	5.00000e-002	1.35792e-013
1.00000e+001	5.50000e-002	1.27155e-013
1.00000e+001	6.00000e-002	1.17172e-013
1.00000e+001	6.50000e-002	1.05947e-013
1.00000e+001	7.00000e-002	9.35493e-014
1.00000e+001	7.50000e-002	8.00445e-014
1.00000e+001	8.00000e-002	6.55070e-014
1.00000e+001	8.50000e-002	5.00439e-014
1.00000e+001	9.00000e-002	3.38211e-014
1.00000e+001	9.50000e-002	1.70512e-014
1.00000e+001	1.00000e-001	-3.33989e-018
1.00000e+001	1.05000e-001	-1.70580e-014
1.00000e+001	1.10000e-001	-3.38279e-014
1.00000e+001	1.15000e-001	-5.00526e-014
1.00000e+001	1.20000e-001	-6.55142e-014
1.00000e+001	1.25000e-001	-8.00519e-014
1.00000e+001	1.30000e-001	-9.35569e-014
1.00000e+001	1.35000e-001	-1.05955e-013
1.00000e+001	1.40000e-001	-1.17180e-013
1.00000e+001	1.45000e-001	-1.27163e-013
1.00000e+001	1.50000e-001	-1.35800e-013
1.00000e+001	1.55000e-001	-1.42942e-013
1.00000e+001	1.60000e-001	-1.48371e-013
1.00000e+001	1.65000e-001	-1.51778e-013
1.00000e+001	1.70000e-001	-1.52714e-013
1.00000e+001	1.75000e-001	-1.50514e-013
1.00000e+001	1.80000e-001	-1.44157e-013
1.00000e+001	1.85000e-001	-1.31944e-013
1.00000e+001	1.90000e-001	-1.10785e-013
1.00000e+001	1.95000e-001	-7.42862e-014
1.00000e+001	2.00000e-001	0.00000e+000

