8.33333e-002	2.50000e-003	0.00000e+000
8.33333e-002	7.50000e-003	-3.19819e-002
8.33333e-002	1.25000e-002	-4.59490e-002
8.33333e-002	1.75000e-002	-5.20222e-002
8.33333e-002	2.25000e-002	-5.35388e-002
8.33333e-002	2.75000e-002	-5.24651e-002
8.33333e-002	3.25000e-002	-4.99974e-002
8.33333e-002	3.75000e-002	-4.68343e-002
8.33333e-002	4.25000e-002	-4.33488e-002
8.33333e-002	4.75000e-002	-3.97258e-002
8.33333e-002	5.25000e-002	-3.60537e-002
8.33333e-002	5.75000e-002	-3.23743e-002
8.33333e-002	6.25000e-002	-2.87066e-002
8.33333e-002	6.75000e-002	-2.50585e-002
8.33333e-002	7.25000e-002	-2.14319e-002
8.33333e-002	7.75000e-002	-1.78260e-002
8.33333e-002	8.25000e-002	-1.42382e-002
8.33333e-002	8.75000e-002	-1.06653e-002
8.33333e-002	9.25000e-002	-7.10386e-003
8.33333e-002	9.75000e-002	-3.55001e-003
8.33333e-002	1.02500e-001	-2.47741e-015
8.33333e-002	1.07500e-001	3.55001e-003
8.33333e-002	1.12500e-001	7.10386e-003
8.33333e-002	1.17500e-001	1.06653e-002
8.33333e-002	1.22500e-001	1.42382e-002
8.33333e-002	1.27500e-001	1.78260e-002
8.33333e-002	1.32500e-001	2.14319e-002
8.33333e-002	1.37500e-001	2.50585e-002
8.33333e-002	1.42500e-001	2.87066e-002
8.33333e-002	1.47500e-001	3.23743e-002
8.33333e-002	1.52500e-001	3.60537e-002
8.33333e-002	1.57500e-001	3.97258e-002
8.33333e-002	1.62500e-001	4.33488e-002
8.33333e-002	1.67500e-001	4.68343e-002
8.33333e-002	1.72500e-001	4.99974e-002
8.33333e-002	1.77500e-001	5.24651e-002
8.33333e-002	1.82500e-001	5.35388e-002
8.33333e-002	1.87500e-001	5.20222e-002
8.33333e-002	1.92500e-001	4.59490e-002
8.33333e-002	1.97500e-001	3.19819e-002

2.50000e-001	2.50000e-003	4.44646e+001
2.50000e-001	7.50000e-003	1.00195e+001
2.50000e-001	1.25000e-002	4.39884e+000
2.50000e-001	1.75000e-002	2.54380e+000
2.50000e-001	2.25000e-002	1.44948e+000
2.50000e-001	2.75000e-002	7.82891e-001
2.50000e-001	3.25000e-002	3.93093e-001
2.50000e-001	3.75000e-002	1.84689e-001
2.50000e-001	4.25000e-002	8.10617e-002
2.50000e-001	4.75000e-002	3.12979e-002
2.50000e-001	5.25000e-002	7.59512e-003
2.50000e-001	5.75000e-002	-3.48651e-003
2.50000e-001	6.25000e-002	-8.23385e-003
2.50000e-001	6.75000e-002	-9.72619e-003
2.50000e-001	7.25000e-002	-9.54470e-003
2.50000e-001	7.75000e-002	-8.51280e-003
2.50000e-001	8.25000e-002	-7.05644e-003
2.50000e-001	8.75000e-002	-5.39270e-003
2.50000e-001	9.25000e-002	-3.63045e-003
2.50000e-001	9.75000e-002	-1.82370e-003
2.50000e-001	1.02500e-001	3.95909e-015
2.50000e-001	1.07500e-001	1.82370e-003
2.50000e-001	1.12500e-001	3.63045e-003
2.50000e-001	1.17500e-001	5.39270e-003
2.50000e-001	1.22500e-001	7.05644e-003
2.50000e-001	1.27500e-001	8.51280e-003
2.50000e-001	1.32500e-001	9.54470e-003
2.50000e-001	1.37500e-001	9.72619e-003
2.50000e-001	1.42500e-001	8.23385e-003
2.50000e-001	1.47500e-001	3.48651e-003
2.50000e-001	1.52500e-001	-7.59512e-003
2.50000e-001	1.57500e-001	-3.12979e-002
2.50000e-001	1.62500e-001	-8.10617e-002
2.50000e-001	1.67500e-001	-1.84689e-001
2.50000e-001	1.72500e-001	-3.93093e-001
2.50000e-001	1.77500e-001	-7.82891e-001
2.50000e-001	1.82500e-001	-1.44948e+000
2.50000e-001	1.87500e-001	-2.54380e+000
2.50000e-001	1.92500e-001	-4.39884e+000
2.50000e-001	1.97500e-001	-1.00195e+001

4.16667e-001	2.50000e-003	3.40674e+001
4.16667e-001	7.50000e-003	9.67716e+000
4.16667e-001	1.25000e-002	5.50052e+000
4.16667e-001	1.75000e-002	3.95519e+000
4.16667e-001	2.25000e-002	2.82843e+000
4.16667e-001	2.75000e-002	1.94868e+000
4.16667e-001	3.25000e-002	1.25785e+000
4.16667e-001	3.75000e-002	7.43042e-001
4.16667e-001	4.25000e-002	3.99542e-001
4.16667e-001	4.75000e-002	1.99612e-001
4.16667e-001	5.25000e-002	9.46106e-002
4.16667e-001	5.75000e-002	4.17854e-002
4.16667e-001	6.25000e-002	1.54099e-002
4.16667e-001	6.75000e-002	2.49162e-003
4.16667e-001	7.25000e-002	-3.36945e-003
4.16667e-001	7.75000e-002	-5.48686e-003
4.16667e-001	8.25000e-002	-5.63361e-003
4.16667e-001	8.75000e-002	-4.76023e-003
4.16667e-001	9.25000e-002	-3.37153e-003
4.16667e-001	9.75000e-002	-1.73530e-003
4.16667e-001	1.02500e-001	1.82788e-014
4.16667e-001	1.07500e-001	1.73530e-003
4.16667e-001	1.12500e-001	3.37153e-003
4.16667e-001	1.17500e-001	4.76023e-003
4.16667e-001	1.22500e-001	5.63361e-003
4.16667e-001	1.27500e-001	5.48686e-003
4.16667e-001	1.32500e-001	3.36945e-003
4.16667e-001	1.37500e-001	-2.49162e-003
4.16667e-001	1.42500e-001	-1.54099e-002
4.16667e-001	1.47500e-001	-4.17854e-002
4.16667e-001	1.52500e-001	-9.46106e-002
4.16667e-001	1.57500e-001	-1.99612e-001
4.16667e-001	1.62500e-001	-3.99542e-001
4.16667e-001	1.67500e-001	-7.43042e-001
4.16667e-001	1.72500e-001	-1.25785e+000
4.16667e-001	1.77500e-001	-1.94868e+000
4.16667e-001	1.82500e-001	-2.82843e+000
4.16667e-001	1.87500e-001	-3.95519e+000
4.16667e-001	1.92500e-001	-5.50052e+000
4.16667e-001	1.97500e-001	-9.67716e+000

5.83333e-001	2.50000e-003	3.07386e+001
5.83333e-001	7.50000e-003	8.76112e+000
5.83333e-001	1.25000e-002	5.38268e+000
5.83333e-001	1.75000e-002	4.11518e+000
5.83333e-001	2.25000e-002	3.25622e+000
5.83333e-001	2.75000e-002	2.56773e+000
5.83333e-001	3.25000e-002	1.96577e+000
5.83333e-001	3.75000e-002	1.42447e+000
5.83333e-001	4.25000e-002	9.50595e-001
5.83333e-001	4.75000e-002	5.71847e-001
5.83333e-001	5.25000e-002	3.11300e-001
5.83333e-001	5.75000e-002	1.58024e-001
5.83333e-001	6.25000e-002	7.65487e-002
5.83333e-001	6.75000e-002	3.48058e-002
5.83333e-001	7.25000e-002	1.36841e-002
5.83333e-001	7.75000e-002	3.39284e-003
5.83333e-001	8.25000e-002	-1.10549e-003
5.83333e-001	8.75000e-002	-2.51661e-003
5.83333e-001	9.25000e-002	-2.31763e-003
5.83333e-001	9.75000e-002	-1.32186e-003
5.83333e-001	1.02500e-001	2.83609e-014
5.83333e-001	1.07500e-001	1.32186e-003
5.83333e-001	1.12500e-001	2.31763e-003
5.83333e-001	1.17500e-001	2.51661e-003
5.83333e-001	1.22500e-001	1.10549e-003
5.83333e-001	1.27500e-001	-3.39284e-003
5.83333e-001	1.32500e-001	-1.36841e-002
5.83333e-001	1.37500e-001	-3.48058e-002
5.83333e-001	1.42500e-001	-7.65487e-002
5.83333e-001	1.47500e-001	-1.58024e-001
5.83333e-001	1.52500e-001	-3.11300e-001
5.83333e-001	1.57500e-001	-5.71847e-001
5.83333e-001	1.62500e-001	-9.50595e-001
5.83333e-001	1.67500e-001	-1.42447e+000
5.83333e-001	1.72500e-001	-1.96577e+000
5.83333e-001	1.77500e-001	-2.56773e+000
5.83333e-001	1.82500e-001	-3.25622e+000
5.83333e-001	1.87500e-001	-4.11518e+000
5.83333e-001	1.92500e-001	-5.38268e+000
5.83333e-001	1.97500e-001	-8.76112e+000

7.50000e-001	2.50000e-003	2.92731e+001
7.50000e-001	7.50000e-003	8.31534e+000
7.50000e-001	1.25000e-002	5.15811e+000
7.50000e-001	1.75000e-002	3.95468e+000
7.50000e-001	2.25000e-002	3.22942e+000
7.50000e-001	2.75000e-002	2.69581e+000
7.50000e-001	3.25000e-002	2.24503e+000
7.50000e-001	3.75000e-002	1.82911e+000
7.50000e-001	4.25000e-002	1.42792e+000
7.50000e-001	4.75000e-002	1.04131e+000
7.50000e-001	5.25000e-002	6.89926e-001
7.50000e-001	5.75000e-002	4.08982e-001
7.50000e-001	6.25000e-002	2.20423e-001
7.50000e-001	6.75000e-002	1.11905e-001
7.50000e-001	7.25000e-002	5.44845e-002
7.50000e-001	7.75000e-002	2.49838e-002
7.50000e-001	8.25000e-002	1.02095e-002
7.50000e-001	8.75000e-002	3.28148e-003
7.50000e-001	9.25000e-002	5.05628e-004
7.50000e-001	9.75000e-002	-1.80314e-004
7.50000e-001	1.02500e-001	2.14543e-014
7.50000e-001	1.07500e-001	1.80314e-004
7.50000e-001	1.12500e-001	-5.05628e-004
7.50000e-001	1.17500e-001	-3.28148e-003
7.50000e-001	1.22500e-001	-1.02095e-002
7.50000e-001	1.27500e-001	-2.49838e-002
7.50000e-001	1.32500e-001	-5.44845e-002
7.50000e-001	1.37500e-001	-1.11905e-001
7.50000e-001	1.42500e-001	-2.20423e-001
7.50000e-001	1.47500e-001	-4.08982e-001
7.50000e-001	1.52500e-001	-6.89926e-001
7.50000e-001	1.57500e-001	-1.04131e+000
7.50000e-001	1.62500e-001	-1.42792e+000
7.50000e-001	1.67500e-001	-1.82911e+000
7.50000e-001	1.72500e-001	-2.24503e+000
7.50000e-001	1.77500e-001	-2.69581e+000
7.50000e-001	1.82500e-001	-3.22942e+000
7.50000e-001	1.87500e-001	-3.95468e+000
7.50000e-001	1.92500e-001	-5.15811e+000
7.50000e-001	1.97500e-001	-8.31534e+000

9.16667e-001	2.50000e-003	2.86349e+001
9.16667e-001	7.50000e-003	8.08241e+000
9.16667e-001	1.25000e-002	4.97773e+000
9.16667e-001	1.75000e-002	3.78156e+000
9.16667e-001	2.25000e-002	3.10443e+000
9.16667e-001	2.75000e-002	2.64300e+000
9.16667e-001	3.25000e-002	2.28094e+000
9.16667e-001	3.75000e-002	1.96396e+000
9.16667e-001	4.25000e-002	1.66316e+000
9.16667e-001	4.75000e-002	1.36277e+000
9.16667e-001	5.25000e-002	1.05760e+000
9.16667e-001	5.75000e-002	7.56404e-001
9.16667e-001	6.25000e-002	4.85809e-001
9.16667e-001	6.75000e-002	2.79181e-001
9.16667e-001	7.25000e-002	1.47807e-001
9.16667e-001	7.75000e-002	7.46783e-002
9.16667e-001	8.25000e-002	3.63921e-002
9.16667e-001	8.75000e-002	1.68663e-002
9.16667e-001	9.25000e-002	7.21469e-003
9.16667e-001	9.75000e-002	2.56296e-003
9.16667e-001	1.02500e-001	1.81237e-014
9.16667e-001	1.07500e-001	-2.56296e-003
9.16667e-001	1.12500e-001	-7.21469e-003
9.16667e-001	1.17500e-001	-1.68663e-002
9.16667e-001	1.22500e-001	-3.63921e-002
9.16667e-001	1.27500e-001	-7.46783e-002
9.16667e-001	1.32500e-001	-1.47807e-001
9.16667e-001	1.37500e-001	-2.79181e-001
9.16667e-001	1.42500e-001	-4.85809e-001
9.16667e-001	1.47500e-001	-7.56404e-001
9.16667e-001	1.52500e-001	-1.05760e+000
9.16667e-001	1.57500e-001	-1.36277e+000
9.16667e-001	1.62500e-001	-1.66316e+000
9.16667e-001	1.67500e-001	-1.96396e+000
9.16667e-001	1.72500e-001	-2.28094e+000
9.16667e-001	1.77500e-001	-2.64300e+000
9.16667e-001	1.82500e-001	-3.10443e+000
9.16667e-001	1.87500e-001	-3.78156e+000
9.16667e-001	1.92500e-001	-4.97773e+000
9.16667e-001	1.97500e-001	-8.08241e+000

1.08333e+000	2.50000e-003	2.84010e+001
1.08333e+000	7.50000e-003	7.94958e+000
1.08333e+000	1.25000e-002	4.84896e+000
1.08333e+000	1.75000e-002	3.64657e+000
1.08333e+000	2.25000e-002	2.98436e+000
1.08333e+000	2.75000e-002	2.55259e+000
1.08333e+000	3.25000e-002	2.23294e+000
1.08333e+000	3.75000e-002	1.97008e+000
1.08333e+000	4.25000e-002	1.73395e+000
1.08333e+000	4.75000e-002	1.50618e+000
1.08333e+000	5.25000e-002	1.27480e+000
1.08333e+000	5.75000e-002	1.03321e+000
1.08333e+000	6.25000e-002	7.82731e-001
1.08333e+000	6.75000e-002	5.38502e-001
1.08333e+000	7.25000e-002	3.30250e-001
1.08333e+000	7.75000e-002	1.82973e-001
1.08333e+000	8.25000e-002	9.50959e-002
1.08333e+000	8.75000e-002	4.75118e-002
1.08333e+000	9.25000e-002	2.24542e-002
1.08333e+000	9.75000e-002	8.83299e-003
1.08333e+000	1.02500e-001	5.37399e-015
1.08333e+000	1.07500e-001	-8.83299e-003
1.08333e+000	1.12500e-001	-2.24542e-002
1.08333e+000	1.17500e-001	-4.75118e-002
1.08333e+000	1.22500e-001	-9.50959e-002
1.08333e+000	1.27500e-001	-1.82973e-001
1.08333e+000	1.32500e-001	-3.30250e-001
1.08333e+000	1.37500e-001	-5.38502e-001
1.08333e+000	1.42500e-001	-7.82731e-001
1.08333e+000	1.47500e-001	-1.03321e+000
1.08333e+000	1.52500e-001	-1.27480e+000
1.08333e+000	1.57500e-001	-1.50618e+000
1.08333e+000	1.62500e-001	-1.73395e+000
1.08333e+000	1.67500e-001	-1.97008e+000
1.08333e+000	1.72500e-001	-2.23294e+000
1.08333e+000	1.77500e-001	-2.55259e+000
1.08333e+000	1.82500e-001	-2.98436e+000
1.08333e+000	1.87500e-001	-3.64657e+000
1.08333e+000	1.92500e-001	-4.84896e+000
1.08333e+000	1.97500e-001	-7.94958e+000

1.25000e+000	2.50000e-003	2.83655e+001
1.25000e+000	7.50000e-003	7.87462e+000
1.25000e+000	1.25000e-002	4.76207e+000
1.25000e+000	1.75000e-002	3.54901e+000
1.25000e+000	2.25000e-002	2.88880e+000
1.25000e+000	2.75000e-002	2.46800e+000
1.25000e+000	3.25000e-002	2.16740e+000
1.25000e+000	3.75000e-002	1.93162e+000
1.25000e+000	4.25000e-002	1.73082e+000
1.25000e+000	4.75000e-002	1.54689e+000
1.25000e+000	5.25000e-002	1.36755e+000
1.25000e+000	5.75000e-002	1.18380e+000
1.25000e+000	6.25000e-002	9.89302e-001
1.25000e+000	6.75000e-002	7.81933e-001
1.25000e+000	7.25000e-002	5.68511e-001
1.25000e+000	7.75000e-002	3.70157e-001
1.25000e+000	8.25000e-002	2.14911e-001
1.25000e+000	8.75000e-002	1.14127e-001
1.25000e+000	9.25000e-002	5.61259e-002
1.25000e+000	9.75000e-002	2.27819e-002
1.25000e+000	1.02500e-001	8.00549e-014
1.25000e+000	1.07500e-001	-2.27819e-002
1.25000e+000	1.12500e-001	-5.61259e-002
1.25000e+000	1.17500e-001	-1.14127e-001
1.25000e+000	1.22500e-001	-2.14911e-001
1.25000e+000	1.27500e-001	-3.70157e-001
1.25000e+000	1.32500e-001	-5.68511e-001
1.25000e+000	1.37500e-001	-7.81933e-001
1.25000e+000	1.42500e-001	-9.89302e-001
1.25000e+000	1.47500e-001	-1.18380e+000
1.25000e+000	1.52500e-001	-1.36755e+000
1.25000e+000	1.57500e-001	-1.54689e+000
1.25000e+000	1.62500e-001	-1.73082e+000
1.25000e+000	1.67500e-001	-1.93162e+000
1.25000e+000	1.72500e-001	-2.16740e+000
1.25000e+000	1.77500e-001	-2.46800e+000
1.25000e+000	1.82500e-001	-2.88880e+000
1.25000e+000	1.87500e-001	-3.54901e+000
1.25000e+000	1.92500e-001	-4.76207e+000
1.25000e+000	1.97500e-001	-7.87462e+000

1.41667e+000	2.50000e-003	2.84347e+001
1.41667e+000	7.50000e-003	7.83564e+000
1.41667e+000	1.25000e-002	4.70543e+000
1.41667e+000	1.75000e-002	3.48038e+000
1.41667e+000	2.25000e-002	2.81701e+000
1.41667e+000	2.75000e-002	2.39890e+000
1.41667e+000	3.25000e-002	2.10621e+000
1.41667e+000	3.75000e-002	1.88349e+000
1.41667e+000	4.25000e-002	1.70123e+000
1.41667e+000	4.75000e-002	1.54176e+000
1.41667e+000	5.25000e-002	1.39342e+000
1.41667e+000	5.75000e-002	1.24762e+000
1.41667e+000	6.25000e-002	1.09753e+000
1.41667e+000	6.75000e-002	9.37605e-001
1.41667e+000	7.25000e-002	7.64414e-001
1.41667e+000	7.75000e-002	5.79816e-001
1.41667e+000	8.25000e-002	3.96694e-001
1.41667e+000	8.75000e-002	2.39370e-001
1.41667e+000	9.25000e-002	1.26156e-001
1.41667e+000	9.75000e-002	5.26656e-002
1.41667e+000	1.02500e-001	4.31884e-013
1.41667e+000	1.07500e-001	-5.26656e-002
1.41667e+000	1.12500e-001	-1.26156e-001
1.41667e+000	1.17500e-001	-2.39370e-001
1.41667e+000	1.22500e-001	-3.96694e-001
1.41667e+000	1.27500e-001	-5.79816e-001
1.41667e+000	1.32500e-001	-7.64414e-001
1.41667e+000	1.37500e-001	-9.37605e-001
1.41667e+000	1.42500e-001	-1.09753e+000
1.41667e+000	1.47500e-001	-1.24762e+000
1.41667e+000	1.52500e-001	-1.39342e+000
1.41667e+000	1.57500e-001	-1.54176e+000
1.41667e+000	1.62500e-001	-1.70123e+000
1.41667e+000	1.67500e-001	-1.88349e+000
1.41667e+000	1.72500e-001	-2.10621e+000
1.41667e+000	1.77500e-001	-2.39890e+000
1.41667e+000	1.82500e-001	-2.81701e+000
1.41667e+000	1.87500e-001	-3.48038e+000
1.41667e+000	1.92500e-001	-4.70543e+000
1.41667e+000	1.97500e-001	-7.83564e+000

1.58333e+000	2.50000e-003	2.85652e+001
1.58333e+000	7.50000e-003	7.81971e+000
1.58333e+000	1.25000e-002	4.66972e+000
1.58333e+000	1.75000e-002	3.43273e+000
1.58333e+000	2.25000e-002	2.76422e+000
1.58333e+000	2.75000e-002	2.34514e+000
1.58333e+000	3.25000e-002	2.05497e+000
1.58333e+000	3.75000e-002	1.83820e+000
1.58333e+000	4.25000e-002	1.66544e+000
1.58333e+000	4.75000e-002	1.51939e+000
1.58333e+000	5.25000e-002	1.38883e+000
1.58333e+000	5.75000e-002	1.26579e+000
1.58333e+000	6.25000e-002	1.14404e+000
1.58333e+000	6.75000e-002	1.01828e+000
1.58333e+000	7.25000e-002	8.83710e-001
1.58333e+000	7.75000e-002	7.36453e-001
1.58333e+000	8.25000e-002	5.75285e-001
1.58333e+000	8.75000e-002	4.05952e-001
1.58333e+000	9.25000e-002	2.44824e-001
1.58333e+000	9.75000e-002	1.09934e-001
1.58333e+000	1.02500e-001	1.80437e-012
1.58333e+000	1.07500e-001	-1.09934e-001
1.58333e+000	1.12500e-001	-2.44824e-001
1.58333e+000	1.17500e-001	-4.05952e-001
1.58333e+000	1.22500e-001	-5.75285e-001
1.58333e+000	1.27500e-001	-7.36453e-001
1.58333e+000	1.32500e-001	-8.83710e-001
1.58333e+000	1.37500e-001	-1.01828e+000
1.58333e+000	1.42500e-001	-1.14404e+000
1.58333e+000	1.47500e-001	-1.26579e+000
1.58333e+000	1.52500e-001	-1.38883e+000
1.58333e+000	1.57500e-001	-1.51939e+000
1.58333e+000	1.62500e-001	-1.66544e+000
1.58333e+000	1.67500e-001	-1.83820e+000
1.58333e+000	1.72500e-001	-2.05497e+000
1.58333e+000	1.77500e-001	-2.34514e+000
1.58333e+000	1.82500e-001	-2.76422e+000
1.58333e+000	1.87500e-001	-3.43273e+000
1.58333e+000	1.92500e-001	-4.66972e+000
1.58333e+000	1.97500e-001	-7.81971e+000

1.75000e+000	2.50000e-003	2.87354e+001
1.75000e+000	7.50000e-003	7.81909e+000
1.75000e+000	1.25000e-002	4.64848e+000
1.75000e+000	1.75000e-002	3.40004e+000
1.75000e+000	2.25000e-002	2.72576e+000
1.75000e+000	2.75000e-002	2.30410e+000
1.75000e+000	3.25000e-002	2.01385e+000
1.75000e+000	3.75000e-002	1.79932e+000
1.75000e+000	4.25000e-002	1.63120e+000
1.75000e+000	4.75000e-002	1.49237e+000
1.75000e+000	5.25000e-002	1.37190e+000
1.75000e+000	5.75000e-002	1.26222e+000
1.75000e+000	6.25000e-002	1.15763e+000
1.75000e+000	6.75000e-002	1.05336e+000
1.75000e+000	7.25000e-002	9.45045e-001
1.75000e+000	7.75000e-002	8.28245e-001
1.75000e+000	8.25000e-002	6.98216e-001
1.75000e+000	8.75000e-002	5.49872e-001
1.75000e+000	9.25000e-002	3.79055e-001
1.75000e+000	9.75000e-002	1.90098e-001
1.75000e+000	1.02500e-001	5.80272e-012
1.75000e+000	1.07500e-001	-1.90098e-001
1.75000e+000	1.12500e-001	-3.79055e-001
1.75000e+000	1.17500e-001	-5.49872e-001
1.75000e+000	1.22500e-001	-6.98216e-001
1.75000e+000	1.27500e-001	-8.28245e-001
1.75000e+000	1.32500e-001	-9.45045e-001
1.75000e+000	1.37500e-001	-1.05336e+000
1.75000e+000	1.42500e-001	-1.15763e+000
1.75000e+000	1.47500e-001	-1.26222e+000
1.75000e+000	1.52500e-001	-1.37190e+000
1.75000e+000	1.57500e-001	-1.49237e+000
1.75000e+000	1.62500e-001	-1.63120e+000
1.75000e+000	1.67500e-001	-1.79932e+000
1.75000e+000	1.72500e-001	-2.01385e+000
1.75000e+000	1.77500e-001	-2.30410e+000
1.75000e+000	1.82500e-001	-2.72576e+000
1.75000e+000	1.87500e-001	-3.40004e+000
1.75000e+000	1.92500e-001	-4.64848e+000
1.75000e+000	1.97500e-001	-7.81909e+000

1.91667e+000	2.50000e-003	2.89335e+001
1.91667e+000	7.50000e-003	7.82911e+000
1.91667e+000	1.25000e-002	4.63743e+000
1.91667e+000	1.75000e-002	3.37807e+000
1.91667e+000	2.25000e-002	2.69790e+000
1.91667e+000	2.75000e-002	2.27295e+000
1.91667e+000	3.25000e-002	1.98131e+000
1.91667e+000	3.75000e-002	1.76706e+000
1.91667e+000	4.25000e-002	1.60086e+000
1.91667e+000	4.75000e-002	1.46567e+000
1.91667e+000	5.25000e-002	1.35073e+000
1.91667e+000	5.75000e-002	1.24871e+000
1.91667e+000	6.25000e-002	1.15417e+000
1.91667e+000	6.75000e-002	1.06268e+000
1.91667e+000	7.25000e-002	9.70203e-001
1.91667e+000	7.75000e-002	8.72350e-001
1.91667e+000	8.25000e-002	7.63433e-001
1.91667e+000	8.75000e-002	6.34365e-001
1.91667e+000	9.25000e-002	4.69445e-001
1.91667e+000	9.75000e-002	2.53068e-001
1.91667e+000	1.02500e-001	1.36352e-011
1.91667e+000	1.07500e-001	-2.53068e-001
1.91667e+000	1.12500e-001	-4.69445e-001
1.91667e+000	1.17500e-001	-6.34365e-001
1.91667e+000	1.22500e-001	-7.63433e-001
1.91667e+000	1.27500e-001	-8.72350e-001
1.91667e+000	1.32500e-001	-9.70203e-001
1.91667e+000	1.37500e-001	-1.06268e+000
1.91667e+000	1.42500e-001	-1.15417e+000
1.91667e+000	1.47500e-001	-1.24871e+000
1.91667e+000	1.52500e-001	-1.35073e+000
1.91667e+000	1.57500e-001	-1.46567e+000
1.91667e+000	1.62500e-001	-1.60086e+000
1.91667e+000	1.67500e-001	-1.76706e+000
1.91667e+000	1.72500e-001	-1.98131e+000
1.91667e+000	1.77500e-001	-2.27295e+000
1.91667e+000	1.82500e-001	-2.69790e+000
1.91667e+000	1.87500e-001	-3.37807e+000
1.91667e+000	1.92500e-001	-4.63743e+000
1.91667e+000	1.97500e-001	-7.82911e+000

2.08333e+000	2.50000e-003	2.91519e+001
2.08333e+000	7.50000e-003	7.84685e+000
2.08333e+000	1.25000e-002	4.63378e+000
2.08333e+000	1.75000e-002	3.36391e+000
2.08333e+000	2.25000e-002	2.67783e+000
2.08333e+000	2.75000e-002	2.24925e+000
2.08333e+000	3.25000e-002	1.95549e+000
2.08333e+000	3.75000e-002	1.74037e+000
2.08333e+000	4.25000e-002	1.57446e+000
2.08333e+000	4.75000e-002	1.44071e+000
2.08333e+000	5.25000e-002	1.32843e+000
2.08333e+000	5.75000e-002	1.23035e+000
2.08333e+000	6.25000e-002	1.14113e+000
2.08333e+000	6.75000e-002	1.05639e+000
2.08333e+000	7.25000e-002	9.71999e-001
2.08333e+000	7.75000e-002	8.83167e-001
2.08333e+000	8.25000e-002	7.83030e-001
2.08333e+000	8.75000e-002	6.59945e-001
2.08333e+000	9.25000e-002	4.94675e-001
2.08333e+000	9.75000e-002	2.69758e-001
2.08333e+000	1.02500e-001	2.49600e-011
2.08333e+000	1.07500e-001	-2.69758e-001
2.08333e+000	1.12500e-001	-4.94675e-001
2.08333e+000	1.17500e-001	-6.59945e-001
2.08333e+000	1.22500e-001	-7.83030e-001
2.08333e+000	1.27500e-001	-8.83167e-001
2.08333e+000	1.32500e-001	-9.71999e-001
2.08333e+000	1.37500e-001	-1.05639e+000
2.08333e+000	1.42500e-001	-1.14113e+000
2.08333e+000	1.47500e-001	-1.23035e+000
2.08333e+000	1.52500e-001	-1.32843e+000
2.08333e+000	1.57500e-001	-1.44071e+000
2.08333e+000	1.62500e-001	-1.57446e+000
2.08333e+000	1.67500e-001	-1.74037e+000
2.08333e+000	1.72500e-001	-1.95549e+000
2.08333e+000	1.77500e-001	-2.24925e+000
2.08333e+000	1.82500e-001	-2.67783e+000
2.08333e+000	1.87500e-001	-3.36391e+000
2.08333e+000	1.92500e-001	-4.63378e+000
2.08333e+000	1.97500e-001	-7.84685e+000

2.25000e+000	2.50000e-003	2.93833e+001
2.25000e+000	7.50000e-003	7.87031e+000
2.25000e+000	1.25000e-002	4.63565e+000
2.25000e+000	1.75000e-002	3.35552e+000
2.25000e+000	2.25000e-002	2.66352e+000
2.25000e+000	2.75000e-002	2.23106e+000
2.25000e+000	3.25000e-002	1.93469e+000
2.25000e+000	3.75000e-002	1.71791e+000
2.25000e+000	4.25000e-002	1.55117e+000
2.25000e+000	4.75000e-002	1.41734e+000
2.25000e+000	5.25000e-002	1.30568e+000
2.25000e+000	5.75000e-002	1.20888e+000
2.25000e+000	6.25000e-002	1.12150e+000
2.25000e+000	6.75000e-002	1.03894e+000
2.25000e+000	7.25000e-002	9.56639e-001
2.25000e+000	7.75000e-002	8.69022e-001
2.25000e+000	8.25000e-002	7.68011e-001
2.25000e+000	8.75000e-002	6.41141e-001
2.25000e+000	9.25000e-002	4.72203e-001
2.25000e+000	9.75000e-002	2.52914e-001
2.25000e+000	1.02500e-001	4.00444e-011
2.25000e+000	1.07500e-001	-2.52914e-001
2.25000e+000	1.12500e-001	-4.72203e-001
2.25000e+000	1.17500e-001	-6.41141e-001
2.25000e+000	1.22500e-001	-7.68011e-001
2.25000e+000	1.27500e-001	-8.69022e-001
2.25000e+000	1.32500e-001	-9.56639e-001
2.25000e+000	1.37500e-001	-1.03894e+000
2.25000e+000	1.42500e-001	-1.12150e+000
2.25000e+000	1.47500e-001	-1.20888e+000
2.25000e+000	1.52500e-001	-1.30568e+000
2.25000e+000	1.57500e-001	-1.41734e+000
2.25000e+000	1.62500e-001	-1.55117e+000
2.25000e+000	1.67500e-001	-1.71791e+000
2.25000e+000	1.72500e-001	-1.93469e+000
2.25000e+000	1.77500e-001	-2.23106e+000
2.25000e+000	1.82500e-001	-2.66352e+000
2.25000e+000	1.87500e-001	-3.35552e+000
2.25000e+000	1.92500e-001	-4.63565e+000
2.25000e+000	1.97500e-001	-7.87031e+000

2.41667e+000	2.50000e-003	2.96192e+001
2.41667e+000	7.50000e-003	7.89774e+000
2.41667e+000	1.25000e-002	4.64168e+000
2.41667e+000	1.75000e-002	3.35154e+000
2.41667e+000	2.25000e-002	2.65353e+000
2.41667e+000	2.75000e-002	2.21694e+000
2.41667e+000	3.25000e-002	1.91754e+000
2.41667e+000	3.75000e-002	1.69849e+000
2.41667e+000	4.25000e-002	1.53003e+000
2.41667e+000	4.75000e-002	1.39493e+000
2.41667e+000	5.25000e-002	1.28231e+000
2.41667e+000	5.75000e-002	1.18472e+000
2.41667e+000	6.25000e-002	1.09647e+000
2.41667e+000	6.75000e-002	1.01262e+000
2.41667e+000	7.25000e-002	9.28086e-001
2.41667e+000	7.75000e-002	8.36646e-001
2.41667e+000	8.25000e-002	7.29950e-001
2.41667e+000	8.75000e-002	5.97256e-001
2.41667e+000	9.25000e-002	4.28771e-001
2.41667e+000	9.75000e-002	2.24715e-001
2.41667e+000	1.02500e-001	6.06126e-011
2.41667e+000	1.07500e-001	-2.24715e-001
2.41667e+000	1.12500e-001	-4.28771e-001
2.41667e+000	1.17500e-001	-5.97256e-001
2.41667e+000	1.22500e-001	-7.29950e-001
2.41667e+000	1.27500e-001	-8.36646e-001
2.41667e+000	1.32500e-001	-9.28086e-001
2.41667e+000	1.37500e-001	-1.01262e+000
2.41667e+000	1.42500e-001	-1.09647e+000
2.41667e+000	1.47500e-001	-1.18472e+000
2.41667e+000	1.52500e-001	-1.28231e+000
2.41667e+000	1.57500e-001	-1.39493e+000
2.41667e+000	1.62500e-001	-1.53003e+000
2.41667e+000	1.67500e-001	-1.69849e+000
2.41667e+000	1.72500e-001	-1.91754e+000
2.41667e+000	1.77500e-001	-2.21694e+000
2.41667e+000	1.82500e-001	-2.65353e+000
2.41667e+000	1.87500e-001	-3.35154e+000
2.41667e+000	1.92500e-001	-4.64168e+000
2.41667e+000	1.97500e-001	-7.89774e+000

2.58333e+000	2.50000e-003	2.98492e+001
2.58333e+000	7.50000e-003	7.92742e+000
2.58333e+000	1.25000e-002	4.65077e+000
2.58333e+000	1.75000e-002	3.35095e+000
2.58333e+000	2.25000e-002	2.64691e+000
2.58333e+000	2.75000e-002	2.20597e+000
2.58333e+000	3.25000e-002	1.90317e+000
2.58333e+000	3.75000e-002	1.68131e+000
2.58333e+000	4.25000e-002	1.51041e+000
2.58333e+000	4.75000e-002	1.37306e+000
2.58333e+000	5.25000e-002	1.25824e+000
2.58333e+000	5.75000e-002	1.15828e+000
2.58333e+000	6.25000e-002	1.06722e+000
2.58333e+000	6.75000e-002	9.79826e-001
2.58333e+000	7.25000e-002	8.90657e-001
2.58333e+000	7.75000e-002	7.93450e-001
2.58333e+000	8.25000e-002	6.80784e-001
2.58333e+000	8.75000e-002	5.45129e-001
2.58333e+000	9.25000e-002	3.82509e-001
2.58333e+000	9.75000e-002	1.97110e-001
2.58333e+000	1.02500e-001	8.93797e-011
2.58333e+000	1.07500e-001	-1.97110e-001
2.58333e+000	1.12500e-001	-3.82509e-001
2.58333e+000	1.17500e-001	-5.45129e-001
2.58333e+000	1.22500e-001	-6.80784e-001
2.58333e+000	1.27500e-001	-7.93450e-001
2.58333e+000	1.32500e-001	-8.90657e-001
2.58333e+000	1.37500e-001	-9.79826e-001
2.58333e+000	1.42500e-001	-1.06722e+000
2.58333e+000	1.47500e-001	-1.15828e+000
2.58333e+000	1.52500e-001	-1.25824e+000
2.58333e+000	1.57500e-001	-1.37306e+000
2.58333e+000	1.62500e-001	-1.51041e+000
2.58333e+000	1.67500e-001	-1.68131e+000
2.58333e+000	1.72500e-001	-1.90317e+000
2.58333e+000	1.77500e-001	-2.20597e+000
2.58333e+000	1.82500e-001	-2.64691e+000
2.58333e+000	1.87500e-001	-3.35095e+000
2.58333e+000	1.92500e-001	-4.65077e+000
2.58333e+000	1.97500e-001	-7.92742e+000

2.75000e+000	2.50000e-003	3.00630e+001
2.75000e+000	7.50000e-003	7.95763e+000
2.75000e+000	1.25000e-002	4.66195e+000
2.75000e+000	1.75000e-002	3.35302e+000
2.75000e+000	2.25000e-002	2.64302e+000
2.75000e+000	2.75000e-002	2.19759e+000
2.75000e+000	3.25000e-002	1.89109e+000
2.75000e+000	3.75000e-002	1.66599e+000
2.75000e+000	4.25000e-002	1.49207e+000
2.75000e+000	4.75000e-002	1.35177e+000
2.75000e+000	5.25000e-002	1.23387e+000
2.75000e+000	5.75000e-002	1.13050e+000
2.75000e+000	6.25000e-002	1.03554e+000
2.75000e+000	6.75000e-002	9.43540e-001
2.75000e+000	7.25000e-002	8.49108e-001
2.75000e+000	7.75000e-002	7.46502e-001
2.75000e+000	8.25000e-002	6.29925e-001
2.75000e+000	8.75000e-002	4.94991e-001
2.75000e+000	9.25000e-002	3.41318e-001
2.75000e+000	9.75000e-002	1.73846e-001
2.75000e+000	1.02500e-001	1.29598e-010
2.75000e+000	1.07500e-001	-1.73846e-001
2.75000e+000	1.12500e-001	-3.41318e-001
2.75000e+000	1.17500e-001	-4.94991e-001
2.75000e+000	1.22500e-001	-6.29925e-001
2.75000e+000	1.27500e-001	-7.46502e-001
2.75000e+000	1.32500e-001	-8.49108e-001
2.75000e+000	1.37500e-001	-9.43540e-001
2.75000e+000	1.42500e-001	-1.03554e+000
2.75000e+000	1.47500e-001	-1.13050e+000
2.75000e+000	1.52500e-001	-1.23387e+000
2.75000e+000	1.57500e-001	-1.35177e+000
2.75000e+000	1.62500e-001	-1.49207e+000
2.75000e+000	1.67500e-001	-1.66599e+000
2.75000e+000	1.72500e-001	-1.89109e+000
2.75000e+000	1.77500e-001	-2.19759e+000
2.75000e+000	1.82500e-001	-2.64302e+000
2.75000e+000	1.87500e-001	-3.35302e+000
2.75000e+000	1.92500e-001	-4.66195e+000
2.75000e+000	1.97500e-001	-7.95763e+000

2.91667e+000	2.50000e-003	3.02524e+001
2.91667e+000	7.50000e-003	7.98677e+000
2.91667e+000	1.25000e-002	4.67427e+000
2.91667e+000	1.75000e-002	3.35709e+000
2.91667e+000	2.25000e-002	2.64139e+000
2.91667e+000	2.75000e-002	2.19146e+000
2.91667e+000	3.25000e-002	1.88111e+000
2.91667e+000	3.75000e-002	1.65249e+000
2.91667e+000	4.25000e-002	1.47519e+000
2.91667e+000	4.75000e-002	1.33149e+000
2.91667e+000	5.25000e-002	1.21000e+000
2.91667e+000	5.75000e-002	1.10274e+000
2.91667e+000	6.25000e-002	1.00347e+000
2.91667e+000	6.75000e-002	9.06796e-001
2.91667e+000	7.25000e-002	8.07610e-001
2.91667e+000	7.75000e-002	7.01030e-001
2.91667e+000	8.25000e-002	5.82930e-001
2.91667e+000	8.75000e-002	4.51230e-001
2.91667e+000	9.25000e-002	3.07232e-001
2.91667e+000	9.75000e-002	1.55255e-001
2.91667e+000	1.02500e-001	1.85142e-010
2.91667e+000	1.07500e-001	-1.55255e-001
2.91667e+000	1.12500e-001	-3.07232e-001
2.91667e+000	1.17500e-001	-4.51230e-001
2.91667e+000	1.22500e-001	-5.82930e-001
2.91667e+000	1.27500e-001	-7.01030e-001
2.91667e+000	1.32500e-001	-8.07610e-001
2.91667e+000	1.37500e-001	-9.06796e-001
2.91667e+000	1.42500e-001	-1.00347e+000
2.91667e+000	1.47500e-001	-1.10274e+000
2.91667e+000	1.52500e-001	-1.21000e+000
2.91667e+000	1.57500e-001	-1.33149e+000
2.91667e+000	1.62500e-001	-1.47519e+000
2.91667e+000	1.67500e-001	-1.65249e+000
2.91667e+000	1.72500e-001	-1.88111e+000
2.91667e+000	1.77500e-001	-2.19146e+000
2.91667e+000	1.82500e-001	-2.64139e+000
2.91667e+000	1.87500e-001	-3.35709e+000
2.91667e+000	1.92500e-001	-4.67427e+000
2.91667e+000	1.97500e-001	-7.98677e+000

3.08333e+000	2.50000e-003	3.04127e+001
3.08333e+000	7.50000e-003	8.01357e+000
3.08333e+000	1.25000e-002	4.68690e+000
3.08333e+000	1.75000e-002	3.36254e+000
3.08333e+000	2.25000e-002	2.64160e+000
3.08333e+000	2.75000e-002	2.18734e+000
3.08333e+000	3.25000e-002	1.87314e+000
3.08333e+000	3.75000e-002	1.64091e+000
3.08333e+000	4.25000e-002	1.46009e+000
3.08333e+000	4.75000e-002	1.31280e+000
3.08333e+000	5.25000e-002	1.18756e+000
3.08333e+000	5.75000e-002	1.07634e+000
3.08333e+000	6.25000e-002	9.72902e-001
3.08333e+000	6.75000e-002	8.72019e-001
3.08333e+000	7.25000e-002	7.69055e-001
3.08333e+000	7.75000e-002	6.60030e-001
3.08333e+000	8.25000e-002	5.42187e-001
3.08333e+000	8.75000e-002	4.14863e-001
3.08333e+000	9.25000e-002	2.79910e-001
3.08333e+000	9.75000e-002	1.40682e-001
3.08333e+000	1.02500e-001	2.60520e-010
3.08333e+000	1.07500e-001	-1.40682e-001
3.08333e+000	1.12500e-001	-2.79910e-001
3.08333e+000	1.17500e-001	-4.14863e-001
3.08333e+000	1.22500e-001	-5.42187e-001
3.08333e+000	1.27500e-001	-6.60030e-001
3.08333e+000	1.32500e-001	-7.69055e-001
3.08333e+000	1.37500e-001	-8.72019e-001
3.08333e+000	1.42500e-001	-9.72902e-001
3.08333e+000	1.47500e-001	-1.07634e+000
3.08333e+000	1.52500e-001	-1.18756e+000
3.08333e+000	1.57500e-001	-1.31280e+000
3.08333e+000	1.62500e-001	-1.46009e+000
3.08333e+000	1.67500e-001	-1.64091e+000
3.08333e+000	1.72500e-001	-1.87314e+000
3.08333e+000	1.77500e-001	-2.18734e+000
3.08333e+000	1.82500e-001	-2.64160e+000
3.08333e+000	1.87500e-001	-3.36254e+000
3.08333e+000	1.92500e-001	-4.68690e+000
3.08333e+000	1.97500e-001	-8.01357e+000

3.25000e+000	2.50000e-003	3.05425e+001
3.25000e+000	7.50000e-003	8.03719e+000
3.25000e+000	1.25000e-002	4.69912e+000
3.25000e+000	1.75000e-002	3.36881e+000
3.25000e+000	2.25000e-002	2.64324e+000
3.25000e+000	2.75000e-002	2.18499e+000
3.25000e+000	3.25000e-002	1.86712e+000
3.25000e+000	3.75000e-002	1.63137e+000
3.25000e+000	4.25000e-002	1.44706e+000
3.25000e+000	4.75000e-002	1.29623e+000
3.25000e+000	5.25000e-002	1.16735e+000
3.25000e+000	5.75000e-002	1.05237e+000
3.25000e+000	6.25000e-002	9.45172e-001
3.25000e+000	6.75000e-002	8.40765e-001
3.25000e+000	7.25000e-002	7.35018e-001
3.25000e+000	7.75000e-002	6.24748e-001
3.25000e+000	8.25000e-002	5.08182e-001
3.25000e+000	8.75000e-002	3.85423e-001
3.25000e+000	9.25000e-002	2.58325e-001
3.25000e+000	9.75000e-002	1.29333e-001
3.25000e+000	1.02500e-001	3.60742e-010
3.25000e+000	1.07500e-001	-1.29333e-001
3.25000e+000	1.12500e-001	-2.58325e-001
3.25000e+000	1.17500e-001	-3.85423e-001
3.25000e+000	1.22500e-001	-5.08182e-001
3.25000e+000	1.27500e-001	-6.24748e-001
3.25000e+000	1.32500e-001	-7.35018e-001
3.25000e+000	1.37500e-001	-8.40765e-001
3.25000e+000	1.42500e-001	-9.45172e-001
3.25000e+000	1.47500e-001	-1.05237e+000
3.25000e+000	1.52500e-001	-1.16735e+000
3.25000e+000	1.57500e-001	-1.29623e+000
3.25000e+000	1.62500e-001	-1.44706e+000
3.25000e+000	1.67500e-001	-1.63137e+000
3.25000e+000	1.72500e-001	-1.86712e+000
3.25000e+000	1.77500e-001	-2.18499e+000
3.25000e+000	1.82500e-001	-2.64324e+000
3.25000e+000	1.87500e-001	-3.36881e+000
3.25000e+000	1.92500e-001	-4.69912e+000
3.25000e+000	1.97500e-001	-8.03719e+000

3.41667e+000	2.50000e-003	3.06432e+001
3.41667e+000	7.50000e-003	8.05720e+000
3.41667e+000	1.25000e-002	4.71041e+000
3.41667e+000	1.75000e-002	3.37539e+000
3.41667e+000	2.25000e-002	2.64590e+000
3.41667e+000	2.75000e-002	2.18411e+000
3.41667e+000	3.25000e-002	1.86290e+000
3.41667e+000	3.75000e-002	1.62387e+000
3.41667e+000	4.25000e-002	1.43627e+000
3.41667e+000	4.75000e-002	1.28211e+000
3.41667e+000	5.25000e-002	1.14985e+000
3.41667e+000	5.75000e-002	1.03149e+000
3.41667e+000	6.25000e-002	9.21037e-001
3.41667e+000	6.75000e-002	8.13788e-001
3.41667e+000	7.25000e-002	7.06071e-001
3.41667e+000	7.75000e-002	5.95341e-001
3.41667e+000	8.25000e-002	4.80478e-001
3.41667e+000	8.75000e-002	3.61952e-001
3.41667e+000	9.25000e-002	2.41399e-001
3.41667e+000	9.75000e-002	1.20517e-001
3.41667e+000	1.02500e-001	4.91103e-010
3.41667e+000	1.07500e-001	-1.20517e-001
3.41667e+000	1.12500e-001	-2.41399e-001
3.41667e+000	1.17500e-001	-3.61952e-001
3.41667e+000	1.22500e-001	-4.80478e-001
3.41667e+000	1.27500e-001	-5.95341e-001
3.41667e+000	1.32500e-001	-7.06071e-001
3.41667e+000	1.37500e-001	-8.13788e-001
3.41667e+000	1.42500e-001	-9.21037e-001
3.41667e+000	1.47500e-001	-1.03149e+000
3.41667e+000	1.52500e-001	-1.14985e+000
3.41667e+000	1.57500e-001	-1.28211e+000
3.41667e+000	1.62500e-001	-1.43627e+000
3.41667e+000	1.67500e-001	-1.62387e+000
3.41667e+000	1.72500e-001	-1.86290e+000
3.41667e+000	1.77500e-001	-2.18411e+000
3.41667e+000	1.82500e-001	-2.64590e+000
3.41667e+000	1.87500e-001	-3.37539e+000
3.41667e+000	1.92500e-001	-4.71041e+000
3.41667e+000	1.97500e-001	-8.05720e+000

3.58333e+000	2.50000e-003	3.07181e+001
3.58333e+000	7.50000e-003	8.07355e+000
3.58333e+000	1.25000e-002	4.72042e+000
3.58333e+000	1.75000e-002	3.38185e+000
3.58333e+000	2.25000e-002	2.64918e+000
3.58333e+000	2.75000e-002	2.18439e+000
3.58333e+000	3.25000e-002	1.86024e+000
3.58333e+000	3.75000e-002	1.61827e+000
3.58333e+000	4.25000e-002	1.42771e+000
3.58333e+000	4.75000e-002	1.27055e+000
3.58333e+000	5.25000e-002	1.13527e+000
3.58333e+000	5.75000e-002	1.01395e+000
3.58333e+000	6.25000e-002	9.00751e-001
3.58333e+000	6.75000e-002	7.91246e-001
3.58333e+000	7.25000e-002	6.82153e-001
3.58333e+000	7.75000e-002	5.71404e-001
3.58333e+000	8.25000e-002	4.58296e-001
3.58333e+000	8.75000e-002	3.43439e-001
3.58333e+000	9.25000e-002	2.28195e-001
3.58333e+000	9.75000e-002	1.13682e-001
3.58333e+000	1.02500e-001	6.56982e-010
3.58333e+000	1.07500e-001	-1.13682e-001
3.58333e+000	1.12500e-001	-2.28195e-001
3.58333e+000	1.17500e-001	-3.43439e-001
3.58333e+000	1.22500e-001	-4.58296e-001
3.58333e+000	1.27500e-001	-5.71404e-001
3.58333e+000	1.32500e-001	-6.82153e-001
3.58333e+000	1.37500e-001	-7.91246e-001
3.58333e+000	1.42500e-001	-9.00751e-001
3.58333e+000	1.47500e-001	-1.01395e+000
3.58333e+000	1.52500e-001	-1.13527e+000
3.58333e+000	1.57500e-001	-1.27055e+000
3.58333e+000	1.62500e-001	-1.42771e+000
3.58333e+000	1.67500e-001	-1.61827e+000
3.58333e+000	1.72500e-001	-1.86024e+000
3.58333e+000	1.77500e-001	-2.18439e+000
3.58333e+000	1.82500e-001	-2.64918e+000
3.58333e+000	1.87500e-001	-3.38185e+000
3.58333e+000	1.92500e-001	-4.72042e+000
3.58333e+000	1.97500e-001	-8.07355e+000

3.75000e+000	2.50000e-003	3.07712e+001
3.75000e+000	7.50000e-003	8.08645e+000
3.75000e+000	1.25000e-002	4.72897e+000
3.75000e+000	1.75000e-002	3.38787e+000
3.75000e+000	2.25000e-002	2.65275e+000
3.75000e+000	2.75000e-002	2.18551e+000
3.75000e+000	3.25000e-002	1.85887e+000
3.75000e+000	3.75000e-002	1.61437e+000
3.75000e+000	4.25000e-002	1.42122e+000
3.75000e+000	4.75000e-002	1.26143e+000
3.75000e+000	5.25000e-002	1.12354e+000
3.75000e+000	5.75000e-002	9.99689e-001
3.75000e+000	6.25000e-002	8.84216e-001
3.75000e+000	6.75000e-002	7.72925e-001
3.75000e+000	7.25000e-002	6.62856e-001
3.75000e+000	7.75000e-002	5.52289e-001
3.75000e+000	8.25000e-002	4.40781e-001
3.75000e+000	8.75000e-002	3.28970e-001
3.75000e+000	9.25000e-002	2.17949e-001
3.75000e+000	9.75000e-002	1.08400e-001
3.75000e+000	1.02500e-001	8.63265e-010
3.75000e+000	1.07500e-001	-1.08400e-001
3.75000e+000	1.12500e-001	-2.17949e-001
3.75000e+000	1.17500e-001	-3.28970e-001
3.75000e+000	1.22500e-001	-4.40781e-001
3.75000e+000	1.27500e-001	-5.52289e-001
3.75000e+000	1.32500e-001	-6.62856e-001
3.75000e+000	1.37500e-001	-7.72925e-001
3.75000e+000	1.42500e-001	-8.84216e-001
3.75000e+000	1.47500e-001	-9.99689e-001
3.75000e+000	1.52500e-001	-1.12354e+000
3.75000e+000	1.57500e-001	-1.26143e+000
3.75000e+000	1.62500e-001	-1.42122e+000
3.75000e+000	1.67500e-001	-1.61437e+000
3.75000e+000	1.72500e-001	-1.85887e+000
3.75000e+000	1.77500e-001	-2.18551e+000
3.75000e+000	1.82500e-001	-2.65275e+000
3.75000e+000	1.87500e-001	-3.38787e+000
3.75000e+000	1.92500e-001	-4.72897e+000
3.75000e+000	1.97500e-001	-8.08645e+000

3.91667e+000	2.50000e-003	3.08069e+001
3.91667e+000	7.50000e-003	8.09629e+000
3.91667e+000	1.25000e-002	4.73605e+000
3.91667e+000	1.75000e-002	3.39327e+000
3.91667e+000	2.25000e-002	2.65632e+000
3.91667e+000	2.75000e-002	2.18716e+000
3.91667e+000	3.25000e-002	1.85849e+000
3.91667e+000	3.75000e-002	1.61189e+000
3.91667e+000	4.25000e-002	1.41656e+000
3.91667e+000	4.75000e-002	1.25454e+000
3.91667e+000	5.25000e-002	1.11443e+000
3.91667e+000	5.75000e-002	9.88462e-001
3.91667e+000	6.25000e-002	8.71119e-001
3.91667e+000	6.75000e-002	7.58407e-001
3.91667e+000	7.25000e-002	6.47620e-001
3.91667e+000	7.75000e-002	5.37291e-001
3.91667e+000	8.25000e-002	4.27136e-001
3.91667e+000	8.75000e-002	3.17768e-001
3.91667e+000	9.25000e-002	2.10053e-001
3.91667e+000	9.75000e-002	1.04339e-001
3.91667e+000	1.02500e-001	1.11398e-009
3.91667e+000	1.07500e-001	-1.04339e-001
3.91667e+000	1.12500e-001	-2.10053e-001
3.91667e+000	1.17500e-001	-3.17768e-001
3.91667e+000	1.22500e-001	-4.27136e-001
3.91667e+000	1.27500e-001	-5.37291e-001
3.91667e+000	1.32500e-001	-6.47620e-001
3.91667e+000	1.37500e-001	-7.58407e-001
3.91667e+000	1.42500e-001	-8.71119e-001
3.91667e+000	1.47500e-001	-9.88462e-001
3.91667e+000	1.52500e-001	-1.11443e+000
3.91667e+000	1.57500e-001	-1.25454e+000
3.91667e+000	1.62500e-001	-1.41656e+000
3.91667e+000	1.67500e-001	-1.61189e+000
3.91667e+000	1.72500e-001	-1.85849e+000
3.91667e+000	1.77500e-001	-2.18716e+000
3.91667e+000	1.82500e-001	-2.65632e+000
3.91667e+000	1.87500e-001	-3.39327e+000
3.91667e+000	1.92500e-001	-4.73605e+000
3.91667e+000	1.97500e-001	-8.09629e+000

4.08333e+000	2.50000e-003	3.08290e+001
4.08333e+000	7.50000e-003	8.10352e+000
4.08333e+000	1.25000e-002	4.74172e+000
4.08333e+000	1.75000e-002	3.39793e+000
4.08333e+000	2.25000e-002	2.65970e+000
4.08333e+000	2.75000e-002	2.18909e+000
4.08333e+000	3.25000e-002	1.85884e+000
4.08333e+000	3.75000e-002	1.61053e+000
4.08333e+000	4.25000e-002	1.41341e+000
4.08333e+000	4.75000e-002	1.24956e+000
4.08333e+000	5.25000e-002	1.10761e+000
4.08333e+000	5.75000e-002	9.79903e-001
4.08333e+000	6.25000e-002	8.61035e-001
4.08333e+000	6.75000e-002	7.47184e-001
4.08333e+000	7.25000e-002	6.35844e-001
4.08333e+000	7.75000e-002	5.25728e-001
4.08333e+000	8.25000e-002	4.16655e-001
4.08333e+000	8.75000e-002	3.09192e-001
4.08333e+000	9.25000e-002	2.04022e-001
4.08333e+000	9.75000e-002	1.01239e-001
4.08333e+000	1.02500e-001	1.41162e-009
4.08333e+000	1.07500e-001	-1.01239e-001
4.08333e+000	1.12500e-001	-2.04022e-001
4.08333e+000	1.17500e-001	-3.09192e-001
4.08333e+000	1.22500e-001	-4.16655e-001
4.08333e+000	1.27500e-001	-5.25728e-001
4.08333e+000	1.32500e-001	-6.35844e-001
4.08333e+000	1.37500e-001	-7.47184e-001
4.08333e+000	1.42500e-001	-8.61035e-001
4.08333e+000	1.47500e-001	-9.79903e-001
4.08333e+000	1.52500e-001	-1.10761e+000
4.08333e+000	1.57500e-001	-1.24956e+000
4.08333e+000	1.62500e-001	-1.41341e+000
4.08333e+000	1.67500e-001	-1.61053e+000
4.08333e+000	1.72500e-001	-1.85884e+000
4.08333e+000	1.77500e-001	-2.18909e+000
4.08333e+000	1.82500e-001	-2.65970e+000
4.08333e+000	1.87500e-001	-3.39793e+000
4.08333e+000	1.92500e-001	-4.74172e+000
4.08333e+000	1.97500e-001	-8.10352e+000

4.25000e+000	2.50000e-003	3.08411e+001
4.25000e+000	7.50000e-003	8.10861e+000
4.25000e+000	1.25000e-002	4.74613e+000
4.25000e+000	1.75000e-002	3.40183e+000
4.25000e+000	2.25000e-002	2.66276e+000
4.25000e+000	2.75000e-002	2.19110e+000
4.25000e+000	3.25000e-002	1.85965e+000
4.25000e+000	3.75000e-002	1.61002e+000
4.25000e+000	4.25000e-002	1.41148e+000
4.25000e+000	4.75000e-002	1.24615e+000
4.25000e+000	5.25000e-002	1.10272e+000
4.25000e+000	5.75000e-002	9.73601e-001
4.25000e+000	6.25000e-002	8.53501e-001
4.25000e+000	6.75000e-002	7.38734e-001
4.25000e+000	7.25000e-002	6.26944e-001
4.25000e+000	7.75000e-002	5.16983e-001
4.25000e+000	8.25000e-002	4.08731e-001
4.25000e+000	8.75000e-002	3.02715e-001
4.25000e+000	9.25000e-002	1.99468e-001
4.25000e+000	9.75000e-002	9.88995e-002
4.25000e+000	1.02500e-001	1.75671e-009
4.25000e+000	1.07500e-001	-9.88995e-002
4.25000e+000	1.12500e-001	-1.99468e-001
4.25000e+000	1.17500e-001	-3.02715e-001
4.25000e+000	1.22500e-001	-4.08731e-001
4.25000e+000	1.27500e-001	-5.16983e-001
4.25000e+000	1.32500e-001	-6.26944e-001
4.25000e+000	1.37500e-001	-7.38734e-001
4.25000e+000	1.42500e-001	-8.53501e-001
4.25000e+000	1.47500e-001	-9.73601e-001
4.25000e+000	1.52500e-001	-1.10272e+000
4.25000e+000	1.57500e-001	-1.24615e+000
4.25000e+000	1.62500e-001	-1.41148e+000
4.25000e+000	1.67500e-001	-1.61002e+000
4.25000e+000	1.72500e-001	-1.85965e+000
4.25000e+000	1.77500e-001	-2.19110e+000
4.25000e+000	1.82500e-001	-2.66276e+000
4.25000e+000	1.87500e-001	-3.40183e+000
4.25000e+000	1.92500e-001	-4.74614e+000
4.25000e+000	1.97500e-001	-8.10861e+000

4.41667e+000	2.50000e-003	3.08459e+001
4.41667e+000	7.50000e-003	8.11202e+000
4.41667e+000	1.25000e-002	4.74946e+000
4.41667e+000	1.75000e-002	3.40500e+000
4.41667e+000	2.25000e-002	2.66543e+000
4.41667e+000	2.75000e-002	2.19306e+000
4.41667e+000	3.25000e-002	1.86074e+000
4.41667e+000	3.75000e-002	1.61012e+000
4.41667e+000	4.25000e-002	1.41048e+000
4.41667e+000	4.75000e-002	1.24399e+000
4.41667e+000	5.25000e-002	1.09939e+000
4.41667e+000	5.75000e-002	9.69150e-001
4.41667e+000	6.25000e-002	8.48065e-001
4.41667e+000	6.75000e-002	7.32557e-001
4.41667e+000	7.25000e-002	6.20391e-001
4.41667e+000	7.75000e-002	5.10515e-001
4.41667e+000	8.25000e-002	4.02857e-001
4.41667e+000	8.75000e-002	2.97905e-001
4.41667e+000	9.25000e-002	1.96082e-001
4.41667e+000	9.75000e-002	9.71581e-002
4.41667e+000	1.02500e-001	2.14732e-009
4.41667e+000	1.07500e-001	-9.71581e-002
4.41667e+000	1.12500e-001	-1.96082e-001
4.41667e+000	1.17500e-001	-2.97905e-001
4.41667e+000	1.22500e-001	-4.02857e-001
4.41667e+000	1.27500e-001	-5.10515e-001
4.41667e+000	1.32500e-001	-6.20391e-001
4.41667e+000	1.37500e-001	-7.32557e-001
4.41667e+000	1.42500e-001	-8.48065e-001
4.41667e+000	1.47500e-001	-9.69150e-001
4.41667e+000	1.52500e-001	-1.09939e+000
4.41667e+000	1.57500e-001	-1.24399e+000
4.41667e+000	1.62500e-001	-1.41048e+000
4.41667e+000	1.67500e-001	-1.61012e+000
4.41667e+000	1.72500e-001	-1.86074e+000
4.41667e+000	1.77500e-001	-2.19306e+000
4.41667e+000	1.82500e-001	-2.66543e+000
4.41667e+000	1.87500e-001	-3.40500e+000
4.41667e+000	1.92500e-001	-4.74946e+000
4.41667e+000	1.97500e-001	-8.11202e+000

4.58333e+000	2.50000e-003	3.08458e+001
4.58333e+000	7.50000e-003	8.11412e+000
4.58333e+000	1.25000e-002	4.75189e+000
4.58333e+000	1.75000e-002	3.40751e+000
4.58333e+000	2.25000e-002	2.66769e+000
4.58333e+000	2.75000e-002	2.19487e+000
4.58333e+000	3.25000e-002	1.86196e+000
4.58333e+000	3.75000e-002	1.61061e+000
4.58333e+000	4.25000e-002	1.41016e+000
4.58333e+000	4.75000e-002	1.24279e+000
4.58333e+000	5.25000e-002	1.09728e+000
4.58333e+000	5.75000e-002	9.66171e-001
4.58333e+000	6.25000e-002	8.44308e-001
4.58333e+000	6.75000e-002	7.28205e-001
4.58333e+000	7.25000e-002	6.15715e-001
4.58333e+000	7.75000e-002	5.05863e-001
4.58333e+000	8.25000e-002	3.98608e-001
4.58333e+000	8.75000e-002	2.94410e-001
4.58333e+000	9.25000e-002	1.93615e-001
4.58333e+000	9.75000e-002	9.58867e-002
4.58333e+000	1.02500e-001	2.57890e-009
4.58333e+000	1.07500e-001	-9.58867e-002
4.58333e+000	1.12500e-001	-1.93615e-001
4.58333e+000	1.17500e-001	-2.94410e-001
4.58333e+000	1.22500e-001	-3.98608e-001
4.58333e+000	1.27500e-001	-5.05863e-001
4.58333e+000	1.32500e-001	-6.15715e-001
4.58333e+000	1.37500e-001	-7.28205e-001
4.58333e+000	1.42500e-001	-8.44308e-001
4.58333e+000	1.47500e-001	-9.66171e-001
4.58333e+000	1.52500e-001	-1.09728e+000
4.58333e+000	1.57500e-001	-1.24279e+000
4.58333e+000	1.62500e-001	-1.41016e+000
4.58333e+000	1.67500e-001	-1.61061e+000
4.58333e+000	1.72500e-001	-1.86196e+000
4.58333e+000	1.77500e-001	-2.19487e+000
4.58333e+000	1.82500e-001	-2.66769e+000
4.58333e+000	1.87500e-001	-3.40751e+000
4.58333e+000	1.92500e-001	-4.75189e+000
4.58333e+000	1.97500e-001	-8.11412e+000

4.75000e+000	2.50000e-003	3.08425e+001
4.75000e+000	7.50000e-003	8.11525e+000
4.75000e+000	1.25000e-002	4.75358e+000
4.75000e+000	1.75000e-002	3.40944e+000
4.75000e+000	2.25000e-002	2.66955e+000
4.75000e+000	2.75000e-002	2.19648e+000
4.75000e+000	3.25000e-002	1.86318e+000
4.75000e+000	3.75000e-002	1.61134e+000
4.75000e+000	4.25000e-002	1.41031e+000
4.75000e+000	4.75000e-002	1.24229e+000
4.75000e+000	5.25000e-002	1.09611e+000
4.75000e+000	5.75000e-002	9.64328e-001
4.75000e+000	6.25000e-002	8.41862e-001
4.75000e+000	6.75000e-002	7.25284e-001
4.75000e+000	7.25000e-002	6.12514e-001
4.75000e+000	7.75000e-002	5.02634e-001
4.75000e+000	8.25000e-002	3.95630e-001
4.75000e+000	8.75000e-002	2.91944e-001
4.75000e+000	9.25000e-002	1.91865e-001
4.75000e+000	9.75000e-002	9.49819e-002
4.75000e+000	1.02500e-001	3.04426e-009
4.75000e+000	1.07500e-001	-9.49819e-002
4.75000e+000	1.12500e-001	-1.91865e-001
4.75000e+000	1.17500e-001	-2.91944e-001
4.75000e+000	1.22500e-001	-3.95630e-001
4.75000e+000	1.27500e-001	-5.02634e-001
4.75000e+000	1.32500e-001	-6.12514e-001
4.75000e+000	1.37500e-001	-7.25284e-001
4.75000e+000	1.42500e-001	-8.41862e-001
4.75000e+000	1.47500e-001	-9.64328e-001
4.75000e+000	1.52500e-001	-1.09611e+000
4.75000e+000	1.57500e-001	-1.24229e+000
4.75000e+000	1.62500e-001	-1.41031e+000
4.75000e+000	1.67500e-001	-1.61134e+000
4.75000e+000	1.72500e-001	-1.86318e+000
4.75000e+000	1.77500e-001	-2.19648e+000
4.75000e+000	1.82500e-001	-2.66955e+000
4.75000e+000	1.87500e-001	-3.40944e+000
4.75000e+000	1.92500e-001	-4.75358e+000
4.75000e+000	1.97500e-001	-8.11525e+000

4.91667e+000	2.50000e-003	3.08372e+001
4.91667e+000	7.50000e-003	8.11569e+000
4.91667e+000	1.25000e-002	4.75470e+000
4.91667e+000	1.75000e-002	3.41088e+000
4.91667e+000	2.25000e-002	2.67105e+000
4.91667e+000	2.75000e-002	2.19787e+000
4.91667e+000	3.25000e-002	1.86435e+000
4.91667e+000	3.75000e-002	1.61218e+000
4.91667e+000	4.25000e-002	1.41076e+000
4.91667e+000	4.75000e-002	1.24228e+000
4.91667e+000	5.25000e-002	1.09561e+000
4.91667e+000	5.75000e-002	9.63336e-001
4.91667e+000	6.25000e-002	8.40412e-001
4.91667e+000	6.75000e-002	7.23459e-001
4.91667e+000	7.25000e-002	6.10449e-001
4.91667e+000	7.75000e-002	5.00504e-001
4.91667e+000	8.25000e-002	3.93634e-001
4.91667e+000	8.75000e-002	2.90273e-001
4.91667e+000	9.25000e-002	1.90669e-001
4.91667e+000	9.75000e-002	9.43604e-002
4.91667e+000	1.02500e-001	3.53389e-009
4.91667e+000	1.07500e-001	-9.43604e-002
4.91667e+000	1.12500e-001	-1.90669e-001
4.91667e+000	1.17500e-001	-2.90273e-001
4.91667e+000	1.22500e-001	-3.93634e-001
4.91667e+000	1.27500e-001	-5.00504e-001
4.91667e+000	1.32500e-001	-6.10449e-001
4.91667e+000	1.37500e-001	-7.23459e-001
4.91667e+000	1.42500e-001	-8.40412e-001
4.91667e+000	1.47500e-001	-9.63336e-001
4.91667e+000	1.52500e-001	-1.09561e+000
4.91667e+000	1.57500e-001	-1.24228e+000
4.91667e+000	1.62500e-001	-1.41076e+000
4.91667e+000	1.67500e-001	-1.61218e+000
4.91667e+000	1.72500e-001	-1.86435e+000
4.91667e+000	1.77500e-001	-2.19787e+000
4.91667e+000	1.82500e-001	-2.67105e+000
4.91667e+000	1.87500e-001	-3.41088e+000
4.91667e+000	1.92500e-001	-4.75470e+000
4.91667e+000	1.97500e-001	-8.11569e+000

5.08333e+000	2.50000e-003	3.08311e+001
5.08333e+000	7.50000e-003	8.11566e+000
5.08333e+000	1.25000e-002	4.75538e+000
5.08333e+000	1.75000e-002	3.41192e+000
5.08333e+000	2.25000e-002	2.67222e+000
5.08333e+000	2.75000e-002	2.19904e+000
5.08333e+000	3.25000e-002	1.86541e+000
5.08333e+000	3.75000e-002	1.61306e+000
5.08333e+000	4.25000e-002	1.41138e+000
5.08333e+000	4.75000e-002	1.24260e+000
5.08333e+000	5.25000e-002	1.09559e+000
5.08333e+000	5.75000e-002	9.62959e-001
5.08333e+000	6.25000e-002	8.39696e-001
5.08333e+000	6.75000e-002	7.22453e-001
5.08333e+000	7.25000e-002	6.09237e-001
5.08333e+000	7.75000e-002	4.99205e-001
5.08333e+000	8.25000e-002	3.92384e-001
5.08333e+000	8.75000e-002	2.89205e-001
5.08333e+000	9.25000e-002	1.89895e-001
5.08333e+000	9.75000e-002	9.39552e-002
5.08333e+000	1.02500e-001	4.03651e-009
5.08333e+000	1.07500e-001	-9.39552e-002
5.08333e+000	1.12500e-001	-1.89895e-001
5.08333e+000	1.17500e-001	-2.89205e-001
5.08333e+000	1.22500e-001	-3.92384e-001
5.08333e+000	1.27500e-001	-4.99205e-001
5.08333e+000	1.32500e-001	-6.09237e-001
5.08333e+000	1.37500e-001	-7.22453e-001
5.08333e+000	1.42500e-001	-8.39696e-001
5.08333e+000	1.47500e-001	-9.62959e-001
5.08333e+000	1.52500e-001	-1.09559e+000
5.08333e+000	1.57500e-001	-1.24260e+000
5.08333e+000	1.62500e-001	-1.41138e+000
5.08333e+000	1.67500e-001	-1.61306e+000
5.08333e+000	1.72500e-001	-1.86541e+000
5.08333e+000	1.77500e-001	-2.19904e+000
5.08333e+000	1.82500e-001	-2.67222e+000
5.08333e+000	1.87500e-001	-3.41192e+000
5.08333e+000	1.92500e-001	-4.75538e+000
5.08333e+000	1.97500e-001	-8.11566e+000

5.25000e+000	2.50000e-003	3.08246e+001
5.25000e+000	7.50000e-003	8.11531e+000
5.25000e+000	1.25000e-002	4.75574e+000
5.25000e+000	1.75000e-002	3.41264e+000
5.25000e+000	2.25000e-002	2.67311e+000
5.25000e+000	2.75000e-002	2.19999e+000
5.25000e+000	3.25000e-002	1.86634e+000
5.25000e+000	3.75000e-002	1.61391e+000
5.25000e+000	4.25000e-002	1.41208e+000
5.25000e+000	4.75000e-002	1.24312e+000
5.25000e+000	5.25000e-002	1.09588e+000
5.25000e+000	5.75000e-002	9.63009e-001
5.25000e+000	6.25000e-002	8.39503e-001
5.25000e+000	6.75000e-002	7.22039e-001
5.25000e+000	7.25000e-002	6.08652e-001
5.25000e+000	7.75000e-002	4.98521e-001
5.25000e+000	8.25000e-002	3.91688e-001
5.25000e+000	8.75000e-002	2.88589e-001
5.25000e+000	9.25000e-002	1.89437e-001
5.25000e+000	9.75000e-002	9.37120e-002
5.25000e+000	1.02500e-001	4.53983e-009
5.25000e+000	1.07500e-001	-9.37120e-002
5.25000e+000	1.12500e-001	-1.89437e-001
5.25000e+000	1.17500e-001	-2.88589e-001
5.25000e+000	1.22500e-001	-3.91688e-001
5.25000e+000	1.27500e-001	-4.98521e-001
5.25000e+000	1.32500e-001	-6.08652e-001
5.25000e+000	1.37500e-001	-7.22039e-001
5.25000e+000	1.42500e-001	-8.39503e-001
5.25000e+000	1.47500e-001	-9.63009e-001
5.25000e+000	1.52500e-001	-1.09588e+000
5.25000e+000	1.57500e-001	-1.24312e+000
5.25000e+000	1.62500e-001	-1.41208e+000
5.25000e+000	1.67500e-001	-1.61391e+000
5.25000e+000	1.72500e-001	-1.86634e+000
5.25000e+000	1.77500e-001	-2.19999e+000
5.25000e+000	1.82500e-001	-2.67311e+000
5.25000e+000	1.87500e-001	-3.41264e+000
5.25000e+000	1.92500e-001	-4.75574e+000
5.25000e+000	1.97500e-001	-8.11531e+000

5.41667e+000	2.50000e-003	3.08183e+001
5.41667e+000	7.50000e-003	8.11478e+000
5.41667e+000	1.25000e-002	4.75587e+000
5.41667e+000	1.75000e-002	3.41311e+000
5.41667e+000	2.25000e-002	2.67377e+000
5.41667e+000	2.75000e-002	2.20076e+000
5.41667e+000	3.25000e-002	1.86714e+000
5.41667e+000	3.75000e-002	1.61469e+000
5.41667e+000	4.25000e-002	1.41280e+000
5.41667e+000	4.75000e-002	1.24373e+000
5.41667e+000	5.25000e-002	1.09636e+000
5.41667e+000	5.75000e-002	9.63337e-001
5.41667e+000	6.25000e-002	8.39664e-001
5.41667e+000	6.75000e-002	7.22039e-001
5.41667e+000	7.25000e-002	6.08510e-001
5.41667e+000	7.75000e-002	4.98276e-001
5.41667e+000	8.25000e-002	3.91393e-001
5.41667e+000	8.75000e-002	2.88301e-001
5.41667e+000	9.25000e-002	1.89210e-001
5.41667e+000	9.75000e-002	9.35878e-002
5.41667e+000	1.02500e-001	5.03147e-009
5.41667e+000	1.07500e-001	-9.35878e-002
5.41667e+000	1.12500e-001	-1.89210e-001
5.41667e+000	1.17500e-001	-2.88301e-001
5.41667e+000	1.22500e-001	-3.91393e-001
5.41667e+000	1.27500e-001	-4.98276e-001
5.41667e+000	1.32500e-001	-6.08510e-001
5.41667e+000	1.37500e-001	-7.22039e-001
5.41667e+000	1.42500e-001	-8.39664e-001
5.41667e+000	1.47500e-001	-9.63337e-001
5.41667e+000	1.52500e-001	-1.09636e+000
5.41667e+000	1.57500e-001	-1.24373e+000
5.41667e+000	1.62500e-001	-1.41280e+000
5.41667e+000	1.67500e-001	-1.61469e+000
5.41667e+000	1.72500e-001	-1.86714e+000
5.41667e+000	1.77500e-001	-2.20076e+000
5.41667e+000	1.82500e-001	-2.67377e+000
5.41667e+000	1.87500e-001	-3.41311e+000
5.41667e+000	1.92500e-001	-4.75587e+000
5.41667e+000	1.97500e-001	-8.11478e+000

5.58333e+000	2.50000e-003	3.08124e+001
5.58333e+000	7.50000e-003	8.11415e+000
5.58333e+000	1.25000e-002	4.75584e+000
5.58333e+000	1.75000e-002	3.41339e+000
5.58333e+000	2.25000e-002	2.67424e+000
5.58333e+000	2.75000e-002	2.20135e+000
5.58333e+000	3.25000e-002	1.86781e+000
5.58333e+000	3.75000e-002	1.61539e+000
5.58333e+000	4.25000e-002	1.41349e+000
5.58333e+000	4.75000e-002	1.24439e+000
5.58333e+000	5.25000e-002	1.09695e+000
5.58333e+000	5.75000e-002	9.63831e-001
5.58333e+000	6.25000e-002	8.40052e-001
5.58333e+000	6.75000e-002	7.22311e-001
5.58333e+000	7.25000e-002	6.08668e-001
5.58333e+000	7.75000e-002	4.98334e-001
5.58333e+000	8.25000e-002	3.91377e-001
5.58333e+000	8.75000e-002	2.88244e-001
5.58333e+000	9.25000e-002	1.89148e-001
5.58333e+000	9.75000e-002	9.35484e-002
5.58333e+000	1.02500e-001	5.49988e-009
5.58333e+000	1.07500e-001	-9.35484e-002
5.58333e+000	1.12500e-001	-1.89148e-001
5.58333e+000	1.17500e-001	-2.88244e-001
5.58333e+000	1.22500e-001	-3.91377e-001
5.58333e+000	1.27500e-001	-4.98334e-001
5.58333e+000	1.32500e-001	-6.08668e-001
5.58333e+000	1.37500e-001	-7.22311e-001
5.58333e+000	1.42500e-001	-8.40052e-001
5.58333e+000	1.47500e-001	-9.63831e-001
5.58333e+000	1.52500e-001	-1.09695e+000
5.58333e+000	1.57500e-001	-1.24439e+000
5.58333e+000	1.62500e-001	-1.41349e+000
5.58333e+000	1.67500e-001	-1.61539e+000
5.58333e+000	1.72500e-001	-1.86781e+000
5.58333e+000	1.77500e-001	-2.20135e+000
5.58333e+000	1.82500e-001	-2.67424e+000
5.58333e+000	1.87500e-001	-3.41339e+000
5.58333e+000	1.92500e-001	-4.75584e+000
5.58333e+000	1.97500e-001	-8.11415e+000

5.75000e+000	2.50000e-003	3.08071e+001
5.75000e+000	7.50000e-003	8.11350e+000
5.75000e+000	1.25000e-002	4.75570e+000
5.75000e+000	1.75000e-002	3.41353e+000
5.75000e+000	2.25000e-002	2.67457e+000
5.75000e+000	2.75000e-002	2.20181e+000
5.75000e+000	3.25000e-002	1.86836e+000
5.75000e+000	3.75000e-002	1.61599e+000
5.75000e+000	4.25000e-002	1.41413e+000
5.75000e+000	4.75000e-002	1.24503e+000
5.75000e+000	5.25000e-002	1.09757e+000
5.75000e+000	5.75000e-002	9.64410e-001
5.75000e+000	6.25000e-002	8.40568e-001
5.75000e+000	6.75000e-002	7.22749e-001
5.75000e+000	7.25000e-002	6.09017e-001
5.75000e+000	7.75000e-002	4.98590e-001
5.75000e+000	8.25000e-002	3.91547e-001
5.75000e+000	8.75000e-002	2.88343e-001
5.75000e+000	9.25000e-002	1.89197e-001
5.75000e+000	9.75000e-002	9.35671e-002
5.75000e+000	1.02500e-001	5.93501e-009
5.75000e+000	1.07500e-001	-9.35671e-002
5.75000e+000	1.12500e-001	-1.89197e-001
5.75000e+000	1.17500e-001	-2.88343e-001
5.75000e+000	1.22500e-001	-3.91547e-001
5.75000e+000	1.27500e-001	-4.98590e-001
5.75000e+000	1.32500e-001	-6.09017e-001
5.75000e+000	1.37500e-001	-7.22749e-001
5.75000e+000	1.42500e-001	-8.40568e-001
5.75000e+000	1.47500e-001	-9.64410e-001
5.75000e+000	1.52500e-001	-1.09757e+000
5.75000e+000	1.57500e-001	-1.24503e+000
5.75000e+000	1.62500e-001	-1.41413e+000
5.75000e+000	1.67500e-001	-1.61599e+000
5.75000e+000	1.72500e-001	-1.86836e+000
5.75000e+000	1.77500e-001	-2.20181e+000
5.75000e+000	1.82500e-001	-2.67457e+000
5.75000e+000	1.87500e-001	-3.41353e+000
5.75000e+000	1.92500e-001	-4.75570e+000
5.75000e+000	1.97500e-001	-8.11350e+000

5.91667e+000	2.50000e-003	3.08025e+001
5.91667e+000	7.50000e-003	8.11287e+000
5.91667e+000	1.25000e-002	4.75551e+000
5.91667e+000	1.75000e-002	3.41358e+000
5.91667e+000	2.25000e-002	2.67478e+000
5.91667e+000	2.75000e-002	2.20215e+000
5.91667e+000	3.25000e-002	1.86879e+000
5.91667e+000	3.75000e-002	1.61650e+000
5.91667e+000	4.25000e-002	1.41469e+000
5.91667e+000	4.75000e-002	1.24562e+000
5.91667e+000	5.25000e-002	1.09818e+000
5.91667e+000	5.75000e-002	9.65013e-001
5.91667e+000	6.25000e-002	8.41143e-001
5.91667e+000	6.75000e-002	7.23274e-001
5.91667e+000	7.25000e-002	6.09474e-001
5.91667e+000	7.75000e-002	4.98964e-001
5.91667e+000	8.25000e-002	3.91831e-001
5.91667e+000	8.75000e-002	2.88541e-001
5.91667e+000	9.25000e-002	1.89318e-001
5.91667e+000	9.75000e-002	9.36233e-002
5.91667e+000	1.02500e-001	6.32910e-009
5.91667e+000	1.07500e-001	-9.36233e-002
5.91667e+000	1.12500e-001	-1.89318e-001
5.91667e+000	1.17500e-001	-2.88541e-001
5.91667e+000	1.22500e-001	-3.91831e-001
5.91667e+000	1.27500e-001	-4.98964e-001
5.91667e+000	1.32500e-001	-6.09474e-001
5.91667e+000	1.37500e-001	-7.23274e-001
5.91667e+000	1.42500e-001	-8.41143e-001
5.91667e+000	1.47500e-001	-9.65013e-001
5.91667e+000	1.52500e-001	-1.09818e+000
5.91667e+000	1.57500e-001	-1.24562e+000
5.91667e+000	1.62500e-001	-1.41469e+000
5.91667e+000	1.67500e-001	-1.61650e+000
5.91667e+000	1.72500e-001	-1.86879e+000
5.91667e+000	1.77500e-001	-2.20215e+000
5.91667e+000	1.82500e-001	-2.67478e+000
5.91667e+000	1.87500e-001	-3.41358e+000
5.91667e+000	1.92500e-001	-4.75551e+000
5.91667e+000	1.97500e-001	-8.11287e+000

6.08333e+000	2.50000e-003	3.07986e+001
6.08333e+000	7.50000e-003	8.11227e+000
6.08333e+000	1.25000e-002	4.75529e+000
6.08333e+000	1.75000e-002	3.41355e+000
6.08333e+000	2.25000e-002	2.67490e+000
6.08333e+000	2.75000e-002	2.20239e+000
6.08333e+000	3.25000e-002	1.86914e+000
6.08333e+000	3.75000e-002	1.61693e+000
6.08333e+000	4.25000e-002	1.41518e+000
6.08333e+000	4.75000e-002	1.24616e+000
6.08333e+000	5.25000e-002	1.09875e+000
6.08333e+000	5.75000e-002	9.65602e-001
6.08333e+000	6.25000e-002	8.41726e-001
6.08333e+000	6.75000e-002	7.23829e-001
6.08333e+000	7.25000e-002	6.09978e-001
6.08333e+000	7.75000e-002	4.99397e-001
6.08333e+000	8.25000e-002	3.92177e-001
6.08333e+000	8.75000e-002	2.88793e-001
6.08333e+000	9.25000e-002	1.89480e-001
6.08333e+000	9.75000e-002	9.37015e-002
6.08333e+000	1.02500e-001	6.67690e-009
6.08333e+000	1.07500e-001	-9.37015e-002
6.08333e+000	1.12500e-001	-1.89479e-001
6.08333e+000	1.17500e-001	-2.88793e-001
6.08333e+000	1.22500e-001	-3.92177e-001
6.08333e+000	1.27500e-001	-4.99397e-001
6.08333e+000	1.32500e-001	-6.09978e-001
6.08333e+000	1.37500e-001	-7.23829e-001
6.08333e+000	1.42500e-001	-8.41726e-001
6.08333e+000	1.47500e-001	-9.65602e-001
6.08333e+000	1.52500e-001	-1.09875e+000
6.08333e+000	1.57500e-001	-1.24616e+000
6.08333e+000	1.62500e-001	-1.41518e+000
6.08333e+000	1.67500e-001	-1.61693e+000
6.08333e+000	1.72500e-001	-1.86914e+000
6.08333e+000	1.77500e-001	-2.20239e+000
6.08333e+000	1.82500e-001	-2.67490e+000
6.08333e+000	1.87500e-001	-3.41355e+000
6.08333e+000	1.92500e-001	-4.75529e+000
6.08333e+000	1.97500e-001	-8.11227e+000

6.25000e+000	2.50000e-003	3.07953e+001
6.25000e+000	7.50000e-003	8.11174e+000
6.25000e+000	1.25000e-002	4.75505e+000
6.25000e+000	1.75000e-002	3.41349e+000
6.25000e+000	2.25000e-002	2.67496e+000
6.25000e+000	2.75000e-002	2.20256e+000
6.25000e+000	3.25000e-002	1.86940e+000
6.25000e+000	3.75000e-002	1.61727e+000
6.25000e+000	4.25000e-002	1.41560e+000
6.25000e+000	4.75000e-002	1.24664e+000
6.25000e+000	5.25000e-002	1.09927e+000
6.25000e+000	5.75000e-002	9.66150e-001
6.25000e+000	6.25000e-002	8.42285e-001
6.25000e+000	6.75000e-002	7.24377e-001
6.25000e+000	7.25000e-002	6.10489e-001
6.25000e+000	7.75000e-002	4.99846e-001
6.25000e+000	8.25000e-002	3.92545e-001
6.25000e+000	8.75000e-002	2.89069e-001
6.25000e+000	9.25000e-002	1.89661e-001
6.25000e+000	9.75000e-002	9.37904e-002
6.25000e+000	1.02500e-001	6.97576e-009
6.25000e+000	1.07500e-001	-9.37904e-002
6.25000e+000	1.12500e-001	-1.89661e-001
6.25000e+000	1.17500e-001	-2.89069e-001
6.25000e+000	1.22500e-001	-3.92545e-001
6.25000e+000	1.27500e-001	-4.99846e-001
6.25000e+000	1.32500e-001	-6.10489e-001
6.25000e+000	1.37500e-001	-7.24377e-001
6.25000e+000	1.42500e-001	-8.42285e-001
6.25000e+000	1.47500e-001	-9.66150e-001
6.25000e+000	1.52500e-001	-1.09927e+000
6.25000e+000	1.57500e-001	-1.24664e+000
6.25000e+000	1.62500e-001	-1.41560e+000
6.25000e+000	1.67500e-001	-1.61727e+000
6.25000e+000	1.72500e-001	-1.86940e+000
6.25000e+000	1.77500e-001	-2.20256e+000
6.25000e+000	1.82500e-001	-2.67496e+000
6.25000e+000	1.87500e-001	-3.41349e+000
6.25000e+000	1.92500e-001	-4.75505e+000
6.25000e+000	1.97500e-001	-8.11174e+000

6.41667e+000	2.50000e-003	3.07927e+001
6.41667e+000	7.50000e-003	8.11127e+000
6.41667e+000	1.25000e-002	4.75483e+000
6.41667e+000	1.75000e-002	3.41339e+000
6.41667e+000	2.25000e-002	2.67498e+000
6.41667e+000	2.75000e-002	2.20267e+000
6.41667e+000	3.25000e-002	1.86959e+000
6.41667e+000	3.75000e-002	1.61754e+000
6.41667e+000	4.25000e-002	1.41594e+000
6.41667e+000	4.75000e-002	1.24704e+000
6.41667e+000	5.25000e-002	1.09973e+000
6.41667e+000	5.75000e-002	9.66644e-001
6.41667e+000	6.25000e-002	8.42800e-001
6.41667e+000	6.75000e-002	7.24891e-001
6.41667e+000	7.25000e-002	6.10978e-001
6.41667e+000	7.75000e-002	5.00284e-001
6.41667e+000	8.25000e-002	3.92911e-001
6.41667e+000	8.75000e-002	2.89348e-001
6.41667e+000	9.25000e-002	1.89846e-001
6.41667e+000	9.75000e-002	9.38820e-002
6.41667e+000	1.02500e-001	7.22570e-009
6.41667e+000	1.07500e-001	-9.38820e-002
6.41667e+000	1.12500e-001	-1.89846e-001
6.41667e+000	1.17500e-001	-2.89348e-001
6.41667e+000	1.22500e-001	-3.92911e-001
6.41667e+000	1.27500e-001	-5.00284e-001
6.41667e+000	1.32500e-001	-6.10978e-001
6.41667e+000	1.37500e-001	-7.24891e-001
6.41667e+000	1.42500e-001	-8.42800e-001
6.41667e+000	1.47500e-001	-9.66644e-001
6.41667e+000	1.52500e-001	-1.09973e+000
6.41667e+000	1.57500e-001	-1.24704e+000
6.41667e+000	1.62500e-001	-1.41594e+000
6.41667e+000	1.67500e-001	-1.61754e+000
6.41667e+000	1.72500e-001	-1.86959e+000
6.41667e+000	1.77500e-001	-2.20267e+000
6.41667e+000	1.82500e-001	-2.67498e+000
6.41667e+000	1.87500e-001	-3.41339e+000
6.41667e+000	1.92500e-001	-4.75483e+000
6.41667e+000	1.97500e-001	-8.11127e+000

6.58333e+000	2.50000e-003	3.07905e+001
6.58333e+000	7.50000e-003	8.11087e+000
6.58333e+000	1.25000e-002	4.75462e+000
6.58333e+000	1.75000e-002	3.41329e+000
6.58333e+000	2.25000e-002	2.67496e+000
6.58333e+000	2.75000e-002	2.20273e+000
6.58333e+000	3.25000e-002	1.86973e+000
6.58333e+000	3.75000e-002	1.61775e+000
6.58333e+000	4.25000e-002	1.41622e+000
6.58333e+000	4.75000e-002	1.24738e+000
6.58333e+000	5.25000e-002	1.10012e+000
6.58333e+000	5.75000e-002	9.67078e-001
6.58333e+000	6.25000e-002	8.43260e-001
6.58333e+000	6.75000e-002	7.25357e-001
6.58333e+000	7.25000e-002	6.11428e-001
6.58333e+000	7.75000e-002	5.00693e-001
6.58333e+000	8.25000e-002	3.93256e-001
6.58333e+000	8.75000e-002	2.89613e-001
6.58333e+000	9.25000e-002	1.90024e-001
6.58333e+000	9.75000e-002	9.39708e-002
6.58333e+000	1.02500e-001	7.42875e-009
6.58333e+000	1.07500e-001	-9.39707e-002
6.58333e+000	1.12500e-001	-1.90024e-001
6.58333e+000	1.17500e-001	-2.89613e-001
6.58333e+000	1.22500e-001	-3.93256e-001
6.58333e+000	1.27500e-001	-5.00693e-001
6.58333e+000	1.32500e-001	-6.11428e-001
6.58333e+000	1.37500e-001	-7.25357e-001
6.58333e+000	1.42500e-001	-8.43260e-001
6.58333e+000	1.47500e-001	-9.67078e-001
6.58333e+000	1.52500e-001	-1.10012e+000
6.58333e+000	1.57500e-001	-1.24738e+000
6.58333e+000	1.62500e-001	-1.41622e+000
6.58333e+000	1.67500e-001	-1.61775e+000
6.58333e+000	1.72500e-001	-1.86973e+000
6.58333e+000	1.77500e-001	-2.20273e+000
6.58333e+000	1.82500e-001	-2.67496e+000
6.58333e+000	1.87500e-001	-3.41329e+000
6.58333e+000	1.92500e-001	-4.75462e+000
6.58333e+000	1.97500e-001	-8.11087e+000

6.75000e+000	2.50000e-003	3.07888e+001
6.75000e+000	7.50000e-003	8.11053e+000
6.75000e+000	1.25000e-002	4.75443e+000
6.75000e+000	1.75000e-002	3.41318e+000
6.75000e+000	2.25000e-002	2.67493e+000
6.75000e+000	2.75000e-002	2.20276e+000
6.75000e+000	3.25000e-002	1.86983e+000
6.75000e+000	3.75000e-002	1.61792e+000
6.75000e+000	4.25000e-002	1.41644e+000
6.75000e+000	4.75000e-002	1.24766e+000
6.75000e+000	5.25000e-002	1.10045e+000
6.75000e+000	5.75000e-002	9.67450e-001
6.75000e+000	6.25000e-002	8.43661e-001
6.75000e+000	6.75000e-002	7.25769e-001
6.75000e+000	7.25000e-002	6.11829e-001
6.75000e+000	7.75000e-002	5.01062e-001
6.75000e+000	8.25000e-002	3.93571e-001
6.75000e+000	8.75000e-002	2.89858e-001
6.75000e+000	9.25000e-002	1.90189e-001
6.75000e+000	9.75000e-002	9.40533e-002
6.75000e+000	1.02500e-001	7.58862e-009
6.75000e+000	1.07500e-001	-9.40533e-002
6.75000e+000	1.12500e-001	-1.90189e-001
6.75000e+000	1.17500e-001	-2.89858e-001
6.75000e+000	1.22500e-001	-3.93571e-001
6.75000e+000	1.27500e-001	-5.01062e-001
6.75000e+000	1.32500e-001	-6.11829e-001
6.75000e+000	1.37500e-001	-7.25769e-001
6.75000e+000	1.42500e-001	-8.43661e-001
6.75000e+000	1.47500e-001	-9.67450e-001
6.75000e+000	1.52500e-001	-1.10045e+000
6.75000e+000	1.57500e-001	-1.24766e+000
6.75000e+000	1.62500e-001	-1.41644e+000
6.75000e+000	1.67500e-001	-1.61792e+000
6.75000e+000	1.72500e-001	-1.86983e+000
6.75000e+000	1.77500e-001	-2.20276e+000
6.75000e+000	1.82500e-001	-2.67493e+000
6.75000e+000	1.87500e-001	-3.41318e+000
6.75000e+000	1.92500e-001	-4.75443e+000
6.75000e+000	1.97500e-001	-8.11053e+000

6.91667e+000	2.50000e-003	3.07875e+001
6.91667e+000	7.50000e-003	8.11025e+000
6.91667e+000	1.25000e-002	4.75426e+000
6.91667e+000	1.75000e-002	3.41308e+000
6.91667e+000	2.25000e-002	2.67488e+000
6.91667e+000	2.75000e-002	2.20277e+000
6.91667e+000	3.25000e-002	1.86990e+000
6.91667e+000	3.75000e-002	1.61804e+000
6.91667e+000	4.25000e-002	1.41662e+000
6.91667e+000	4.75000e-002	1.24789e+000
6.91667e+000	5.25000e-002	1.10072e+000
6.91667e+000	5.75000e-002	9.67762e-001
6.91667e+000	6.25000e-002	8.44002e-001
6.91667e+000	6.75000e-002	7.26124e-001
6.91667e+000	7.25000e-002	6.12180e-001
6.91667e+000	7.75000e-002	5.01387e-001
6.91667e+000	8.25000e-002	3.93850e-001
6.91667e+000	8.75000e-002	2.90076e-001
6.91667e+000	9.25000e-002	1.90337e-001
6.91667e+000	9.75000e-002	9.41276e-002
6.91667e+000	1.02500e-001	7.71031e-009
6.91667e+000	1.07500e-001	-9.41276e-002
6.91667e+000	1.12500e-001	-1.90337e-001
6.91667e+000	1.17500e-001	-2.90076e-001
6.91667e+000	1.22500e-001	-3.93850e-001
6.91667e+000	1.27500e-001	-5.01387e-001
6.91667e+000	1.32500e-001	-6.12180e-001
6.91667e+000	1.37500e-001	-7.26124e-001
6.91667e+000	1.42500e-001	-8.44002e-001
6.91667e+000	1.47500e-001	-9.67762e-001
6.91667e+000	1.52500e-001	-1.10072e+000
6.91667e+000	1.57500e-001	-1.24789e+000
6.91667e+000	1.62500e-001	-1.41662e+000
6.91667e+000	1.67500e-001	-1.61804e+000
6.91667e+000	1.72500e-001	-1.86990e+000
6.91667e+000	1.77500e-001	-2.20277e+000
6.91667e+000	1.82500e-001	-2.67488e+000
6.91667e+000	1.87500e-001	-3.41308e+000
6.91667e+000	1.92500e-001	-4.75426e+000
6.91667e+000	1.97500e-001	-8.11025e+000

7.08333e+000	2.50000e-003	3.07865e+001
7.08333e+000	7.50000e-003	8.11003e+000
7.08333e+000	1.25000e-002	4.75412e+000
7.08333e+000	1.75000e-002	3.41298e+000
7.08333e+000	2.25000e-002	2.67483e+000
7.08333e+000	2.75000e-002	2.20277e+000
7.08333e+000	3.25000e-002	1.86994e+000
7.08333e+000	3.75000e-002	1.61813e+000
7.08333e+000	4.25000e-002	1.41675e+000
7.08333e+000	4.75000e-002	1.24807e+000
7.08333e+000	5.25000e-002	1.10095e+000
7.08333e+000	5.75000e-002	9.68022e-001
7.08333e+000	6.25000e-002	8.44289e-001
7.08333e+000	6.75000e-002	7.26425e-001
7.08333e+000	7.25000e-002	6.12479e-001
7.08333e+000	7.75000e-002	5.01666e-001
7.08333e+000	8.25000e-002	3.94091e-001
7.08333e+000	8.75000e-002	2.90266e-001
7.08333e+000	9.25000e-002	1.90466e-001
7.08333e+000	9.75000e-002	9.41930e-002
7.08333e+000	1.02500e-001	7.79930e-009
7.08333e+000	1.07500e-001	-9.41930e-002
7.08333e+000	1.12500e-001	-1.90466e-001
7.08333e+000	1.17500e-001	-2.90266e-001
7.08333e+000	1.22500e-001	-3.94091e-001
7.08333e+000	1.27500e-001	-5.01666e-001
7.08333e+000	1.32500e-001	-6.12479e-001
7.08333e+000	1.37500e-001	-7.26425e-001
7.08333e+000	1.42500e-001	-8.44289e-001
7.08333e+000	1.47500e-001	-9.68022e-001
7.08333e+000	1.52500e-001	-1.10095e+000
7.08333e+000	1.57500e-001	-1.24807e+000
7.08333e+000	1.62500e-001	-1.41675e+000
7.08333e+000	1.67500e-001	-1.61813e+000
7.08333e+000	1.72500e-001	-1.86994e+000
7.08333e+000	1.77500e-001	-2.20277e+000
7.08333e+000	1.82500e-001	-2.67483e+000
7.08333e+000	1.87500e-001	-3.41298e+000
7.08333e+000	1.92500e-001	-4.75412e+000
7.08333e+000	1.97500e-001	-8.11003e+000

7.25000e+000	2.50000e-003	3.07857e+001
7.25000e+000	7.50000e-003	8.10984e+000
7.25000e+000	1.25000e-002	4.75399e+000
7.25000e+000	1.75000e-002	3.41290e+000
7.25000e+000	2.25000e-002	2.67478e+000
7.25000e+000	2.75000e-002	2.20276e+000
7.25000e+000	3.25000e-002	1.86996e+000
7.25000e+000	3.75000e-002	1.61819e+000
7.25000e+000	4.25000e-002	1.41686e+000
7.25000e+000	4.75000e-002	1.24821e+000
7.25000e+000	5.25000e-002	1.10113e+000
7.25000e+000	5.75000e-002	9.68233e-001
7.25000e+000	6.25000e-002	8.44525e-001
7.25000e+000	6.75000e-002	7.26676e-001
7.25000e+000	7.25000e-002	6.12730e-001
7.25000e+000	7.75000e-002	5.01902e-001
7.25000e+000	8.25000e-002	3.94297e-001
7.25000e+000	8.75000e-002	2.90428e-001
7.25000e+000	9.25000e-002	1.90577e-001
7.25000e+000	9.75000e-002	9.42492e-002
7.25000e+000	1.02500e-001	7.86127e-009
7.25000e+000	1.07500e-001	-9.42492e-002
7.25000e+000	1.12500e-001	-1.90577e-001
7.25000e+000	1.17500e-001	-2.90428e-001
7.25000e+000	1.22500e-001	-3.94297e-001
7.25000e+000	1.27500e-001	-5.01902e-001
7.25000e+000	1.32500e-001	-6.12730e-001
7.25000e+000	1.37500e-001	-7.26676e-001
7.25000e+000	1.42500e-001	-8.44525e-001
7.25000e+000	1.47500e-001	-9.68233e-001
7.25000e+000	1.52500e-001	-1.10113e+000
7.25000e+000	1.57500e-001	-1.24821e+000
7.25000e+000	1.62500e-001	-1.41686e+000
7.25000e+000	1.67500e-001	-1.61819e+000
7.25000e+000	1.72500e-001	-1.86996e+000
7.25000e+000	1.77500e-001	-2.20276e+000
7.25000e+000	1.82500e-001	-2.67478e+000
7.25000e+000	1.87500e-001	-3.41290e+000
7.25000e+000	1.92500e-001	-4.75399e+000
7.25000e+000	1.97500e-001	-8.10984e+000

7.41667e+000	2.50000e-003	3.07852e+001
7.41667e+000	7.50000e-003	8.10970e+000
7.41667e+000	1.25000e-002	4.75389e+000
7.41667e+000	1.75000e-002	3.41282e+000
7.41667e+000	2.25000e-002	2.67474e+000
7.41667e+000	2.75000e-002	2.20274e+000
7.41667e+000	3.25000e-002	1.86998e+000
7.41667e+000	3.75000e-002	1.61824e+000
7.41667e+000	4.25000e-002	1.41694e+000
7.41667e+000	4.75000e-002	1.24832e+000
7.41667e+000	5.25000e-002	1.10127e+000
7.41667e+000	5.75000e-002	9.68404e-001
7.41667e+000	6.25000e-002	8.44718e-001
7.41667e+000	6.75000e-002	7.26882e-001
7.41667e+000	7.25000e-002	6.12938e-001
7.41667e+000	7.75000e-002	5.02099e-001
7.41667e+000	8.25000e-002	3.94469e-001
7.41667e+000	8.75000e-002	2.90565e-001
7.41667e+000	9.25000e-002	1.90671e-001
7.41667e+000	9.75000e-002	9.42967e-002
7.41667e+000	1.02500e-001	7.90171e-009
7.41667e+000	1.07500e-001	-9.42967e-002
7.41667e+000	1.12500e-001	-1.90671e-001
7.41667e+000	1.17500e-001	-2.90565e-001
7.41667e+000	1.22500e-001	-3.94469e-001
7.41667e+000	1.27500e-001	-5.02099e-001
7.41667e+000	1.32500e-001	-6.12938e-001
7.41667e+000	1.37500e-001	-7.26882e-001
7.41667e+000	1.42500e-001	-8.44718e-001
7.41667e+000	1.47500e-001	-9.68404e-001
7.41667e+000	1.52500e-001	-1.10127e+000
7.41667e+000	1.57500e-001	-1.24832e+000
7.41667e+000	1.62500e-001	-1.41694e+000
7.41667e+000	1.67500e-001	-1.61824e+000
7.41667e+000	1.72500e-001	-1.86998e+000
7.41667e+000	1.77500e-001	-2.20274e+000
7.41667e+000	1.82500e-001	-2.67474e+000
7.41667e+000	1.87500e-001	-3.41282e+000
7.41667e+000	1.92500e-001	-4.75389e+000
7.41667e+000	1.97500e-001	-8.10970e+000

7.58333e+000	2.50000e-003	3.07848e+001
7.58333e+000	7.50000e-003	8.10958e+000
7.58333e+000	1.25000e-002	4.75381e+000
7.58333e+000	1.75000e-002	3.41276e+000
7.58333e+000	2.25000e-002	2.67469e+000
7.58333e+000	2.75000e-002	2.20272e+000
7.58333e+000	3.25000e-002	1.86999e+000
7.58333e+000	3.75000e-002	1.61827e+000
7.58333e+000	4.25000e-002	1.41700e+000
7.58333e+000	4.75000e-002	1.24841e+000
7.58333e+000	5.25000e-002	1.10138e+000
7.58333e+000	5.75000e-002	9.68540e-001
7.58333e+000	6.25000e-002	8.44873e-001
7.58333e+000	6.75000e-002	7.27049e-001
7.58333e+000	7.25000e-002	6.13108e-001
7.58333e+000	7.75000e-002	5.02260e-001
7.58333e+000	8.25000e-002	3.94611e-001
7.58333e+000	8.75000e-002	2.90678e-001
7.58333e+000	9.25000e-002	1.90749e-001
7.58333e+000	9.75000e-002	9.43362e-002
7.58333e+000	1.02500e-001	7.92558e-009
7.58333e+000	1.07500e-001	-9.43362e-002
7.58333e+000	1.12500e-001	-1.90749e-001
7.58333e+000	1.17500e-001	-2.90678e-001
7.58333e+000	1.22500e-001	-3.94611e-001
7.58333e+000	1.27500e-001	-5.02260e-001
7.58333e+000	1.32500e-001	-6.13108e-001
7.58333e+000	1.37500e-001	-7.27049e-001
7.58333e+000	1.42500e-001	-8.44873e-001
7.58333e+000	1.47500e-001	-9.68540e-001
7.58333e+000	1.52500e-001	-1.10138e+000
7.58333e+000	1.57500e-001	-1.24841e+000
7.58333e+000	1.62500e-001	-1.41700e+000
7.58333e+000	1.67500e-001	-1.61827e+000
7.58333e+000	1.72500e-001	-1.86999e+000
7.58333e+000	1.77500e-001	-2.20272e+000
7.58333e+000	1.82500e-001	-2.67469e+000
7.58333e+000	1.87500e-001	-3.41276e+000
7.58333e+000	1.92500e-001	-4.75381e+000
7.58333e+000	1.97500e-001	-8.10958e+000

7.75000e+000	2.50000e-003	3.07844e+001
7.75000e+000	7.50000e-003	8.10949e+000
7.75000e+000	1.25000e-002	4.75374e+000
7.75000e+000	1.75000e-002	3.41271e+000
7.75000e+000	2.25000e-002	2.67466e+000
7.75000e+000	2.75000e-002	2.20271e+000
7.75000e+000	3.25000e-002	1.86999e+000
7.75000e+000	3.75000e-002	1.61829e+000
7.75000e+000	4.25000e-002	1.41704e+000
7.75000e+000	4.75000e-002	1.24847e+000
7.75000e+000	5.25000e-002	1.10147e+000
7.75000e+000	5.75000e-002	9.68647e-001
7.75000e+000	6.25000e-002	8.44996e-001
7.75000e+000	6.75000e-002	7.27183e-001
7.75000e+000	7.25000e-002	6.13245e-001
7.75000e+000	7.75000e-002	5.02390e-001
7.75000e+000	8.25000e-002	3.94726e-001
7.75000e+000	8.75000e-002	2.90770e-001
7.75000e+000	9.25000e-002	1.90813e-001
7.75000e+000	9.75000e-002	9.43686e-002
7.75000e+000	1.02500e-001	7.93731e-009
7.75000e+000	1.07500e-001	-9.43686e-002
7.75000e+000	1.12500e-001	-1.90813e-001
7.75000e+000	1.17500e-001	-2.90770e-001
7.75000e+000	1.22500e-001	-3.94726e-001
7.75000e+000	1.27500e-001	-5.02390e-001
7.75000e+000	1.32500e-001	-6.13245e-001
7.75000e+000	1.37500e-001	-7.27183e-001
7.75000e+000	1.42500e-001	-8.44996e-001
7.75000e+000	1.47500e-001	-9.68647e-001
7.75000e+000	1.52500e-001	-1.10147e+000
7.75000e+000	1.57500e-001	-1.24847e+000
7.75000e+000	1.62500e-001	-1.41704e+000
7.75000e+000	1.67500e-001	-1.61829e+000
7.75000e+000	1.72500e-001	-1.86999e+000
7.75000e+000	1.77500e-001	-2.20271e+000
7.75000e+000	1.82500e-001	-2.67466e+000
7.75000e+000	1.87500e-001	-3.41271e+000
7.75000e+000	1.92500e-001	-4.75374e+000
7.75000e+000	1.97500e-001	-8.10949e+000

7.91667e+000	2.50000e-003	3.07842e+001
7.91667e+000	7.50000e-003	8.10942e+000
7.91667e+000	1.25000e-002	4.75369e+000
7.91667e+000	1.75000e-002	3.41267e+000
7.91667e+000	2.25000e-002	2.67463e+000
7.91667e+000	2.75000e-002	2.20269e+000
7.91667e+000	3.25000e-002	1.86999e+000
7.91667e+000	3.75000e-002	1.61831e+000
7.91667e+000	4.25000e-002	1.41707e+000
7.91667e+000	4.75000e-002	1.24853e+000
7.91667e+000	5.25000e-002	1.10154e+000
7.91667e+000	5.75000e-002	9.68732e-001
7.91667e+000	6.25000e-002	8.45094e-001
7.91667e+000	6.75000e-002	7.27289e-001
7.91667e+000	7.25000e-002	6.13353e-001
7.91667e+000	7.75000e-002	5.02495e-001
7.91667e+000	8.25000e-002	3.94818e-001
7.91667e+000	8.75000e-002	2.90844e-001
7.91667e+000	9.25000e-002	1.90864e-001
7.91667e+000	9.75000e-002	9.43947e-002
7.91667e+000	1.02500e-001	7.94043e-009
7.91667e+000	1.07500e-001	-9.43947e-002
7.91667e+000	1.12500e-001	-1.90864e-001
7.91667e+000	1.17500e-001	-2.90844e-001
7.91667e+000	1.22500e-001	-3.94818e-001
7.91667e+000	1.27500e-001	-5.02495e-001
7.91667e+000	1.32500e-001	-6.13353e-001
7.91667e+000	1.37500e-001	-7.27289e-001
7.91667e+000	1.42500e-001	-8.45094e-001
7.91667e+000	1.47500e-001	-9.68732e-001
7.91667e+000	1.52500e-001	-1.10154e+000
7.91667e+000	1.57500e-001	-1.24853e+000
7.91667e+000	1.62500e-001	-1.41707e+000
7.91667e+000	1.67500e-001	-1.61831e+000
7.91667e+000	1.72500e-001	-1.86999e+000
7.91667e+000	1.77500e-001	-2.20269e+000
7.91667e+000	1.82500e-001	-2.67463e+000
7.91667e+000	1.87500e-001	-3.41267e+000
7.91667e+000	1.92500e-001	-4.75369e+000
7.91667e+000	1.97500e-001	-8.10942e+000

8.08333e+000	2.50000e-003	3.07840e+001
8.08333e+000	7.50000e-003	8.10937e+000
8.08333e+000	1.25000e-002	4.75365e+000
8.08333e+000	1.75000e-002	3.41263e+000
8.08333e+000	2.25000e-002	2.67461e+000
8.08333e+000	2.75000e-002	2.20268e+000
8.08333e+000	3.25000e-002	1.86999e+000
8.08333e+000	3.75000e-002	1.61832e+000
8.08333e+000	4.25000e-002	1.41710e+000
8.08333e+000	4.75000e-002	1.24857e+000
8.08333e+000	5.25000e-002	1.10159e+000
8.08333e+000	5.75000e-002	9.68797e-001
8.08333e+000	6.25000e-002	8.45169e-001
8.08333e+000	6.75000e-002	7.27372e-001
8.08333e+000	7.25000e-002	6.13439e-001
8.08333e+000	7.75000e-002	5.02577e-001
8.08333e+000	8.25000e-002	3.94891e-001
8.08333e+000	8.75000e-002	2.90902e-001
8.08333e+000	9.25000e-002	1.90905e-001
8.08333e+000	9.75000e-002	9.44155e-002
8.08333e+000	1.02500e-001	7.93786e-009
8.08333e+000	1.07500e-001	-9.44154e-002
8.08333e+000	1.12500e-001	-1.90905e-001
8.08333e+000	1.17500e-001	-2.90902e-001
8.08333e+000	1.22500e-001	-3.94891e-001
8.08333e+000	1.27500e-001	-5.02577e-001
8.08333e+000	1.32500e-001	-6.13439e-001
8.08333e+000	1.37500e-001	-7.27372e-001
8.08333e+000	1.42500e-001	-8.45169e-001
8.08333e+000	1.47500e-001	-9.68797e-001
8.08333e+000	1.52500e-001	-1.10159e+000
8.08333e+000	1.57500e-001	-1.24857e+000
8.08333e+000	1.62500e-001	-1.41710e+000
8.08333e+000	1.67500e-001	-1.61832e+000
8.08333e+000	1.72500e-001	-1.86999e+000
8.08333e+000	1.77500e-001	-2.20268e+000
8.08333e+000	1.82500e-001	-2.67461e+000
8.08333e+000	1.87500e-001	-3.41263e+000
8.08333e+000	1.92500e-001	-4.75365e+000
8.08333e+000	1.97500e-001	-8.10937e+000

8.25000e+000	2.50000e-003	3.07838e+001
8.25000e+000	7.50000e-003	8.10933e+000
8.25000e+000	1.25000e-002	4.75362e+000
8.25000e+000	1.75000e-002	3.41261e+000
8.25000e+000	2.25000e-002	2.67459e+000
8.25000e+000	2.75000e-002	2.20267e+000
8.25000e+000	3.25000e-002	1.86999e+000
8.25000e+000	3.75000e-002	1.61833e+000
8.25000e+000	4.25000e-002	1.41712e+000
8.25000e+000	4.75000e-002	1.24860e+000
8.25000e+000	5.25000e-002	1.10163e+000
8.25000e+000	5.75000e-002	9.68847e-001
8.25000e+000	6.25000e-002	8.45228e-001
8.25000e+000	6.75000e-002	7.27436e-001
8.25000e+000	7.25000e-002	6.13504e-001
8.25000e+000	7.75000e-002	5.02640e-001
8.25000e+000	8.25000e-002	3.94948e-001
8.25000e+000	8.75000e-002	2.90948e-001
8.25000e+000	9.25000e-002	1.90936e-001
8.25000e+000	9.75000e-002	9.44316e-002
8.25000e+000	1.02500e-001	7.93187e-009
8.25000e+000	1.07500e-001	-9.44316e-002
8.25000e+000	1.12500e-001	-1.90936e-001
8.25000e+000	1.17500e-001	-2.90948e-001
8.25000e+000	1.22500e-001	-3.94948e-001
8.25000e+000	1.27500e-001	-5.02640e-001
8.25000e+000	1.32500e-001	-6.13504e-001
8.25000e+000	1.37500e-001	-7.27436e-001
8.25000e+000	1.42500e-001	-8.45228e-001
8.25000e+000	1.47500e-001	-9.68847e-001
8.25000e+000	1.52500e-001	-1.10163e+000
8.25000e+000	1.57500e-001	-1.24860e+000
8.25000e+000	1.62500e-001	-1.41712e+000
8.25000e+000	1.67500e-001	-1.61833e+000
8.25000e+000	1.72500e-001	-1.86999e+000
8.25000e+000	1.77500e-001	-2.20267e+000
8.25000e+000	1.82500e-001	-2.67459e+000
8.25000e+000	1.87500e-001	-3.41261e+000
8.25000e+000	1.92500e-001	-4.75362e+000
8.25000e+000	1.97500e-001	-8.10933e+000

8.41667e+000	2.50000e-003	3.07837e+001
8.41667e+000	7.50000e-003	8.10929e+000
8.41667e+000	1.25000e-002	4.75360e+000
8.41667e+000	1.75000e-002	3.41260e+000
8.41667e+000	2.25000e-002	2.67459e+000
8.41667e+000	2.75000e-002	2.20267e+000
8.41667e+000	3.25000e-002	1.86999e+000
8.41667e+000	3.75000e-002	1.61834e+000
8.41667e+000	4.25000e-002	1.41714e+000
8.41667e+000	4.75000e-002	1.24862e+000
8.41667e+000	5.25000e-002	1.10166e+000
8.41667e+000	5.75000e-002	9.68885e-001
8.41667e+000	6.25000e-002	8.45272e-001
8.41667e+000	6.75000e-002	7.27484e-001
8.41667e+000	7.25000e-002	6.13554e-001
8.41667e+000	7.75000e-002	5.02688e-001
8.41667e+000	8.25000e-002	3.94990e-001
8.41667e+000	8.75000e-002	2.90982e-001
8.41667e+000	9.25000e-002	1.90960e-001
8.41667e+000	9.75000e-002	9.44438e-002
8.41667e+000	1.02500e-001	7.92410e-009
8.41667e+000	1.07500e-001	-9.44438e-002
8.41667e+000	1.12500e-001	-1.90960e-001
8.41667e+000	1.17500e-001	-2.90982e-001
8.41667e+000	1.22500e-001	-3.94990e-001
8.41667e+000	1.27500e-001	-5.02688e-001
8.41667e+000	1.32500e-001	-6.13554e-001
8.41667e+000	1.37500e-001	-7.27484e-001
8.41667e+000	1.42500e-001	-8.45272e-001
8.41667e+000	1.47500e-001	-9.68885e-001
8.41667e+000	1.52500e-001	-1.10166e+000
8.41667e+000	1.57500e-001	-1.24862e+000
8.41667e+000	1.62500e-001	-1.41714e+000
8.41667e+000	1.67500e-001	-1.61834e+000
8.41667e+000	1.72500e-001	-1.86999e+000
8.41667e+000	1.77500e-001	-2.20267e+000
8.41667e+000	1.82500e-001	-2.67459e+000
8.41667e+000	1.87500e-001	-3.41260e+000
8.41667e+000	1.92500e-001	-4.75360e+000
8.41667e+000	1.97500e-001	-8.10929e+000

8.58333e+000	2.50000e-003	3.07836e+001
8.58333e+000	7.50000e-003	8.10927e+000
8.58333e+000	1.25000e-002	4.75359e+000
8.58333e+000	1.75000e-002	3.41259e+000
8.58333e+000	2.25000e-002	2.67458e+000
8.58333e+000	2.75000e-002	2.20267e+000
8.58333e+000	3.25000e-002	1.87000e+000
8.58333e+000	3.75000e-002	1.61835e+000
8.58333e+000	4.25000e-002	1.41715e+000
8.58333e+000	4.75000e-002	1.24864e+000
8.58333e+000	5.25000e-002	1.10168e+000
8.58333e+000	5.75000e-002	9.68913e-001
8.58333e+000	6.25000e-002	8.45304e-001
8.58333e+000	6.75000e-002	7.27519e-001
8.58333e+000	7.25000e-002	6.13590e-001
8.58333e+000	7.75000e-002	5.02723e-001
8.58333e+000	8.25000e-002	3.95021e-001
8.58333e+000	8.75000e-002	2.91007e-001
8.58333e+000	9.25000e-002	1.90978e-001
8.58333e+000	9.75000e-002	9.44527e-002
8.58333e+000	1.02500e-001	7.91565e-009
8.58333e+000	1.07500e-001	-9.44527e-002
8.58333e+000	1.12500e-001	-1.90978e-001
8.58333e+000	1.17500e-001	-2.91007e-001
8.58333e+000	1.22500e-001	-3.95021e-001
8.58333e+000	1.27500e-001	-5.02723e-001
8.58333e+000	1.32500e-001	-6.13590e-001
8.58333e+000	1.37500e-001	-7.27519e-001
8.58333e+000	1.42500e-001	-8.45304e-001
8.58333e+000	1.47500e-001	-9.68913e-001
8.58333e+000	1.52500e-001	-1.10168e+000
8.58333e+000	1.57500e-001	-1.24864e+000
8.58333e+000	1.62500e-001	-1.41715e+000
8.58333e+000	1.67500e-001	-1.61835e+000
8.58333e+000	1.72500e-001	-1.87000e+000
8.58333e+000	1.77500e-001	-2.20267e+000
8.58333e+000	1.82500e-001	-2.67458e+000
8.58333e+000	1.87500e-001	-3.41259e+000
8.58333e+000	1.92500e-001	-4.75359e+000
8.58333e+000	1.97500e-001	-8.10927e+000

8.75000e+000	2.50000e-003	3.07835e+001
8.75000e+000	7.50000e-003	8.10925e+000
8.75000e+000	1.25000e-002	4.75358e+000
8.75000e+000	1.75000e-002	3.41259e+000
8.75000e+000	2.25000e-002	2.67458e+000
8.75000e+000	2.75000e-002	2.20267e+000
8.75000e+000	3.25000e-002	1.87000e+000
8.75000e+000	3.75000e-002	1.61836e+000
8.75000e+000	4.25000e-002	1.41716e+000
8.75000e+000	4.75000e-002	1.24865e+000
8.75000e+000	5.25000e-002	1.10170e+000
8.75000e+000	5.75000e-002	9.68933e-001
8.75000e+000	6.25000e-002	8.45326e-001
8.75000e+000	6.75000e-002	7.27544e-001
8.75000e+000	7.25000e-002	6.13616e-001
8.75000e+000	7.75000e-002	5.02747e-001
8.75000e+000	8.25000e-002	3.95043e-001
8.75000e+000	8.75000e-002	2.91025e-001
8.75000e+000	9.25000e-002	1.90990e-001
8.75000e+000	9.75000e-002	9.44588e-002
8.75000e+000	1.02500e-001	7.90730e-009
8.75000e+000	1.07500e-001	-9.44588e-002
8.75000e+000	1.12500e-001	-1.90990e-001
8.75000e+000	1.17500e-001	-2.91025e-001
8.75000e+000	1.22500e-001	-3.95043e-001
8.75000e+000	1.27500e-001	-5.02747e-001
8.75000e+000	1.32500e-001	-6.13616e-001
8.75000e+000	1.37500e-001	-7.27544e-001
8.75000e+000	1.42500e-001	-8.45326e-001
8.75000e+000	1.47500e-001	-9.68933e-001
8.75000e+000	1.52500e-001	-1.10170e+000
8.75000e+000	1.57500e-001	-1.24865e+000
8.75000e+000	1.62500e-001	-1.41716e+000
8.75000e+000	1.67500e-001	-1.61836e+000
8.75000e+000	1.72500e-001	-1.87000e+000
8.75000e+000	1.77500e-001	-2.20267e+000
8.75000e+000	1.82500e-001	-2.67458e+000
8.75000e+000	1.87500e-001	-3.41259e+000
8.75000e+000	1.92500e-001	-4.75358e+000
8.75000e+000	1.97500e-001	-8.10925e+000

8.91667e+000	2.50000e-003	3.07834e+001
8.91667e+000	7.50000e-003	8.10924e+000
8.91667e+000	1.25000e-002	4.75358e+000
8.91667e+000	1.75000e-002	3.41259e+000
8.91667e+000	2.25000e-002	2.67459e+000
8.91667e+000	2.75000e-002	2.20268e+000
8.91667e+000	3.25000e-002	1.87001e+000
8.91667e+000	3.75000e-002	1.61837e+000
8.91667e+000	4.25000e-002	1.41717e+000
8.91667e+000	4.75000e-002	1.24866e+000
8.91667e+000	5.25000e-002	1.10171e+000
8.91667e+000	5.75000e-002	9.68946e-001
8.91667e+000	6.25000e-002	8.45341e-001
8.91667e+000	6.75000e-002	7.27559e-001
8.91667e+000	7.25000e-002	6.13631e-001
8.91667e+000	7.75000e-002	5.02762e-001
8.91667e+000	8.25000e-002	3.95056e-001
8.91667e+000	8.75000e-002	2.91035e-001
8.91667e+000	9.25000e-002	1.90997e-001
8.91667e+000	9.75000e-002	9.44626e-002
8.91667e+000	1.02500e-001	7.89954e-009
8.91667e+000	1.07500e-001	-9.44626e-002
8.91667e+000	1.12500e-001	-1.90997e-001
8.91667e+000	1.17500e-001	-2.91035e-001
8.91667e+000	1.22500e-001	-3.95056e-001
8.91667e+000	1.27500e-001	-5.02762e-001
8.91667e+000	1.32500e-001	-6.13631e-001
8.91667e+000	1.37500e-001	-7.27559e-001
8.91667e+000	1.42500e-001	-8.45341e-001
8.91667e+000	1.47500e-001	-9.68946e-001
8.91667e+000	1.52500e-001	-1.10171e+000
8.91667e+000	1.57500e-001	-1.24866e+000
8.91667e+000	1.62500e-001	-1.41717e+000
8.91667e+000	1.67500e-001	-1.61837e+000
8.91667e+000	1.72500e-001	-1.87001e+000
8.91667e+000	1.77500e-001	-2.20268e+000
8.91667e+000	1.82500e-001	-2.67459e+000
8.91667e+000	1.87500e-001	-3.41259e+000
8.91667e+000	1.92500e-001	-4.75358e+000
8.91667e+000	1.97500e-001	-8.10924e+000

9.08333e+000	2.50000e-003	3.07833e+001
9.08333e+000	7.50000e-003	8.10924e+000
9.08333e+000	1.25000e-002	4.75358e+000
9.08333e+000	1.75000e-002	3.41260e+000
9.08333e+000	2.25000e-002	2.67459e+000
9.08333e+000	2.75000e-002	2.20269e+000
9.08333e+000	3.25000e-002	1.87002e+000
9.08333e+000	3.75000e-002	1.61837e+000
9.08333e+000	4.25000e-002	1.41718e+000
9.08333e+000	4.75000e-002	1.24867e+000
9.08333e+000	5.25000e-002	1.10172e+000
9.08333e+000	5.75000e-002	9.68953e-001
9.08333e+000	6.25000e-002	8.45348e-001
9.08333e+000	6.75000e-002	7.27567e-001
9.08333e+000	7.25000e-002	6.13639e-001
9.08333e+000	7.75000e-002	5.02770e-001
9.08333e+000	8.25000e-002	3.95063e-001
9.08333e+000	8.75000e-002	2.91041e-001
9.08333e+000	9.25000e-002	1.91001e-001
9.08333e+000	9.75000e-002	9.44644e-002
9.08333e+000	1.02500e-001	7.89260e-009
9.08333e+000	1.07500e-001	-9.44643e-002
9.08333e+000	1.12500e-001	-1.91001e-001
9.08333e+000	1.17500e-001	-2.91041e-001
9.08333e+000	1.22500e-001	-3.95063e-001
9.08333e+000	1.27500e-001	-5.02770e-001
9.08333e+000	1.32500e-001	-6.13639e-001
9.08333e+000	1.37500e-001	-7.27567e-001
9.08333e+000	1.42500e-001	-8.45348e-001
9.08333e+000	1.47500e-001	-9.68953e-001
9.08333e+000	1.52500e-001	-1.10172e+000
9.08333e+000	1.57500e-001	-1.24867e+000
9.08333e+000	1.62500e-001	-1.41718e+000
9.08333e+000	1.67500e-001	-1.61837e+000
9.08333e+000	1.72500e-001	-1.87002e+000
9.08333e+000	1.77500e-001	-2.20269e+000
9.08333e+000	1.82500e-001	-2.67459e+000
9.08333e+000	1.87500e-001	-3.41260e+000
9.08333e+000	1.92500e-001	-4.75358e+000
9.08333e+000	1.97500e-001	-8.10924e+000

9.25000e+000	2.50000e-003	3.07832e+001
9.25000e+000	7.50000e-003	8.10924e+000
9.25000e+000	1.25000e-002	4.75359e+000
9.25000e+000	1.75000e-002	3.41261e+000
9.25000e+000	2.25000e-002	2.67461e+000
9.25000e+000	2.75000e-002	2.20269e+000
9.25000e+000	3.25000e-002	1.87002e+000
9.25000e+000	3.75000e-002	1.61838e+000
9.25000e+000	4.25000e-002	1.41718e+000
9.25000e+000	4.75000e-002	1.24867e+000
9.25000e+000	5.25000e-002	1.10172e+000
9.25000e+000	5.75000e-002	9.68953e-001
9.25000e+000	6.25000e-002	8.45348e-001
9.25000e+000	6.75000e-002	7.27567e-001
9.25000e+000	7.25000e-002	6.13640e-001
9.25000e+000	7.75000e-002	5.02770e-001
9.25000e+000	8.25000e-002	3.95064e-001
9.25000e+000	8.75000e-002	2.91041e-001
9.25000e+000	9.25000e-002	1.91001e-001
9.25000e+000	9.75000e-002	9.44645e-002
9.25000e+000	1.02500e-001	7.88666e-009
9.25000e+000	1.07500e-001	-9.44645e-002
9.25000e+000	1.12500e-001	-1.91001e-001
9.25000e+000	1.17500e-001	-2.91041e-001
9.25000e+000	1.22500e-001	-3.95064e-001
9.25000e+000	1.27500e-001	-5.02770e-001
9.25000e+000	1.32500e-001	-6.13640e-001
9.25000e+000	1.37500e-001	-7.27567e-001
9.25000e+000	1.42500e-001	-8.45348e-001
9.25000e+000	1.47500e-001	-9.68953e-001
9.25000e+000	1.52500e-001	-1.10172e+000
9.25000e+000	1.57500e-001	-1.24867e+000
9.25000e+000	1.62500e-001	-1.41718e+000
9.25000e+000	1.67500e-001	-1.61838e+000
9.25000e+000	1.72500e-001	-1.87002e+000
9.25000e+000	1.77500e-001	-2.20269e+000
9.25000e+000	1.82500e-001	-2.67461e+000
9.25000e+000	1.87500e-001	-3.41261e+000
9.25000e+000	1.92500e-001	-4.75359e+000
9.25000e+000	1.97500e-001	-8.10924e+000

9.41667e+000	2.50000e-003	3.07831e+001
9.41667e+000	7.50000e-003	8.10929e+000
9.41667e+000	1.25000e-002	4.75361e+000
9.41667e+000	1.75000e-002	3.41259e+000
9.41667e+000	2.25000e-002	2.67458e+000
9.41667e+000	2.75000e-002	2.20267e+000
9.41667e+000	3.25000e-002	1.87000e+000
9.41667e+000	3.75000e-002	1.61836e+000
9.41667e+000	4.25000e-002	1.41717e+000
9.41667e+000	4.75000e-002	1.24866e+000
9.41667e+000	5.25000e-002	1.10172e+000
9.41667e+000	5.75000e-002	9.68953e-001
9.41667e+000	6.25000e-002	8.45351e-001
9.41667e+000	6.75000e-002	7.27572e-001
9.41667e+000	7.25000e-002	6.13645e-001
9.41667e+000	7.75000e-002	5.02776e-001
9.41667e+000	8.25000e-002	3.95069e-001
9.41667e+000	8.75000e-002	2.91045e-001
9.41667e+000	9.25000e-002	1.91004e-001
9.41667e+000	9.75000e-002	9.44657e-002
9.41667e+000	1.02500e-001	7.88214e-009
9.41667e+000	1.07500e-001	-9.44657e-002
9.41667e+000	1.12500e-001	-1.91004e-001
9.41667e+000	1.17500e-001	-2.91045e-001
9.41667e+000	1.22500e-001	-3.95069e-001
9.41667e+000	1.27500e-001	-5.02776e-001
9.41667e+000	1.32500e-001	-6.13645e-001
9.41667e+000	1.37500e-001	-7.27572e-001
9.41667e+000	1.42500e-001	-8.45351e-001
9.41667e+000	1.47500e-001	-9.68953e-001
9.41667e+000	1.52500e-001	-1.10172e+000
9.41667e+000	1.57500e-001	-1.24866e+000
9.41667e+000	1.62500e-001	-1.41717e+000
9.41667e+000	1.67500e-001	-1.61836e+000
9.41667e+000	1.72500e-001	-1.87000e+000
9.41667e+000	1.77500e-001	-2.20267e+000
9.41667e+000	1.82500e-001	-2.67458e+000
9.41667e+000	1.87500e-001	-3.41259e+000
9.41667e+000	1.92500e-001	-4.75361e+000
9.41667e+000	1.97500e-001	-8.10929e+000

9.58333e+000	2.50000e-003	3.07838e+001
9.58333e+000	7.50000e-003	8.10883e+000
9.58333e+000	1.25000e-002	4.75281e+000
9.58333e+000	1.75000e-002	3.41193e+000
9.58333e+000	2.25000e-002	2.67426e+000
9.58333e+000	2.75000e-002	2.20261e+000
9.58333e+000	3.25000e-002	1.87009e+000
9.58333e+000	3.75000e-002	1.61853e+000
9.58333e+000	4.25000e-002	1.41738e+000
9.58333e+000	4.75000e-002	1.24889e+000
9.58333e+000	5.25000e-002	1.10195e+000
9.58333e+000	5.75000e-002	9.69183e-001
9.58333e+000	6.25000e-002	8.45569e-001
9.58333e+000	6.75000e-002	7.27772e-001
9.58333e+000	7.25000e-002	6.13823e-001
9.58333e+000	7.75000e-002	5.02927e-001
9.58333e+000	8.25000e-002	3.95189e-001
9.58333e+000	8.75000e-002	2.91134e-001
9.58333e+000	9.25000e-002	1.91061e-001
9.58333e+000	9.75000e-002	9.44937e-002
9.58333e+000	1.02500e-001	7.88107e-009
9.58333e+000	1.07500e-001	-9.44937e-002
9.58333e+000	1.12500e-001	-1.91061e-001
9.58333e+000	1.17500e-001	-2.91134e-001
9.58333e+000	1.22500e-001	-3.95189e-001
9.58333e+000	1.27500e-001	-5.02927e-001
9.58333e+000	1.32500e-001	-6.13823e-001
9.58333e+000	1.37500e-001	-7.27772e-001
9.58333e+000	1.42500e-001	-8.45569e-001
9.58333e+000	1.47500e-001	-9.69183e-001
9.58333e+000	1.52500e-001	-1.10195e+000
9.58333e+000	1.57500e-001	-1.24889e+000
9.58333e+000	1.62500e-001	-1.41738e+000
9.58333e+000	1.67500e-001	-1.61853e+000
9.58333e+000	1.72500e-001	-1.87009e+000
9.58333e+000	1.77500e-001	-2.20261e+000
9.58333e+000	1.82500e-001	-2.67426e+000
9.58333e+000	1.87500e-001	-3.41193e+000
9.58333e+000	1.92500e-001	-4.75281e+000
9.58333e+000	1.97500e-001	-8.10883e+000

9.75000e+000	2.50000e-003	3.07534e+001
9.75000e+000	7.50000e-003	8.09226e+000
9.75000e+000	1.25000e-002	4.75334e+000
9.75000e+000	1.75000e-002	3.41801e+000
9.75000e+000	2.25000e-002	2.68067e+000
9.75000e+000	2.75000e-002	2.20807e+000
9.75000e+000	3.25000e-002	1.87455e+000
9.75000e+000	3.75000e-002	1.62216e+000
9.75000e+000	4.25000e-002	1.42035e+000
9.75000e+000	4.75000e-002	1.25136e+000
9.75000e+000	5.25000e-002	1.10401e+000
9.75000e+000	5.75000e-002	9.70906e-001
9.75000e+000	6.25000e-002	8.47009e-001
9.75000e+000	6.75000e-002	7.28964e-001
9.75000e+000	7.25000e-002	6.14791e-001
9.75000e+000	7.75000e-002	5.03689e-001
9.75000e+000	8.25000e-002	3.95763e-001
9.75000e+000	8.75000e-002	2.91539e-001
9.75000e+000	9.25000e-002	1.91317e-001
9.75000e+000	9.75000e-002	9.46169e-002
9.75000e+000	1.02500e-001	7.89207e-009
9.75000e+000	1.07500e-001	-9.46169e-002
9.75000e+000	1.12500e-001	-1.91317e-001
9.75000e+000	1.17500e-001	-2.91539e-001
9.75000e+000	1.22500e-001	-3.95763e-001
9.75000e+000	1.27500e-001	-5.03689e-001
9.75000e+000	1.32500e-001	-6.14791e-001
9.75000e+000	1.37500e-001	-7.28964e-001
9.75000e+000	1.42500e-001	-8.47009e-001
9.75000e+000	1.47500e-001	-9.70906e-001
9.75000e+000	1.52500e-001	-1.10401e+000
9.75000e+000	1.57500e-001	-1.25136e+000
9.75000e+000	1.62500e-001	-1.42035e+000
9.75000e+000	1.67500e-001	-1.62216e+000
9.75000e+000	1.72500e-001	-1.87455e+000
9.75000e+000	1.77500e-001	-2.20807e+000
9.75000e+000	1.82500e-001	-2.68067e+000
9.75000e+000	1.87500e-001	-3.41801e+000
9.75000e+000	1.92500e-001	-4.75334e+000
9.75000e+000	1.97500e-001	-8.09226e+000

9.91667e+000	2.50000e-003	2.97215e+001
9.91667e+000	7.50000e-003	8.36707e+000
9.91667e+000	1.25000e-002	4.91762e+000
9.91667e+000	1.75000e-002	3.48258e+000
9.91667e+000	2.25000e-002	2.71308e+000
9.91667e+000	2.75000e-002	2.22729e+000
9.91667e+000	3.25000e-002	1.88717e+000
9.91667e+000	3.75000e-002	1.63093e+000
9.91667e+000	4.25000e-002	1.42656e+000
9.91667e+000	4.75000e-002	1.25569e+000
9.91667e+000	5.25000e-002	1.10685e+000
9.91667e+000	5.75000e-002	9.72517e-001
9.91667e+000	6.25000e-002	8.47600e-001
9.91667e+000	6.75000e-002	7.28755e-001
9.91667e+000	7.25000e-002	6.14039e-001
9.91667e+000	7.75000e-002	5.02677e-001
9.91667e+000	8.25000e-002	3.94758e-001
9.91667e+000	8.75000e-002	2.90729e-001
9.91667e+000	9.25000e-002	1.90786e-001
9.91667e+000	9.75000e-002	9.43642e-002
9.91667e+000	1.02500e-001	7.91633e-009
9.91667e+000	1.07500e-001	-9.43642e-002
9.91667e+000	1.12500e-001	-1.90786e-001
9.91667e+000	1.17500e-001	-2.90729e-001
9.91667e+000	1.22500e-001	-3.94758e-001
9.91667e+000	1.27500e-001	-5.02677e-001
9.91667e+000	1.32500e-001	-6.14039e-001
9.91667e+000	1.37500e-001	-7.28755e-001
9.91667e+000	1.42500e-001	-8.47600e-001
9.91667e+000	1.47500e-001	-9.72517e-001
9.91667e+000	1.52500e-001	-1.10685e+000
9.91667e+000	1.57500e-001	-1.25569e+000
9.91667e+000	1.62500e-001	-1.42656e+000
9.91667e+000	1.67500e-001	-1.63093e+000
9.91667e+000	1.72500e-001	-1.88717e+000
9.91667e+000	1.77500e-001	-2.22729e+000
9.91667e+000	1.82500e-001	-2.71308e+000
9.91667e+000	1.87500e-001	-3.48258e+000
9.91667e+000	1.92500e-001	-4.91762e+000
9.91667e+000	1.97500e-001	-8.36707e+000

