0.00000e+000	1.14518e-002	5.21669e-003	-2.59380e-001	-7.30142e-002	2.51397e+002
1.25000e-003	1.14494e-002	5.21669e-003	-2.59380e-001	-7.30142e-002	2.51397e+002
3.75000e-003	1.14431e-002	5.21669e-003	-2.59380e-001	-7.30142e-002	2.51397e+002
6.25000e-003	1.14302e-002	5.21669e-003	-2.59380e-001	-7.30142e-002	2.51397e+002
8.75000e-003	1.14107e-002	5.21669e-003	-2.59380e-001	-7.30142e-002	2.51397e+002
1.12500e-002	1.13865e-002	5.21669e-003	-2.59380e-001	-7.30142e-002	2.51397e+002
1.37500e-002	1.13551e-002	5.21669e-003	-2.59380e-001	-7.30142e-002	2.51397e+002
1.62500e-002	1.13153e-002	5.21669e-003	-2.59380e-001	-7.30142e-002	2.51397e+002
1.87500e-002	1.12735e-002	5.21669e-003	-2.59380e-001	-7.30142e-002	2.51397e+002
2.12500e-002	1.12297e-002	5.21669e-003	-2.59380e-001	-7.30142e-002	2.51397e+002
2.37500e-002	1.11851e-002	5.21669e-003	-2.59380e-001	-7.30142e-002	2.51397e+002
2.62500e-002	1.11423e-002	5.21669e-003	-2.59380e-001	-7.30142e-002	2.51397e+002
2.87500e-002	1.11041e-002	5.21669e-003	-2.59380e-001	-7.30142e-002	2.51397e+002
3.12500e-002	1.10190e-002	5.21669e-003	-2.59380e-001	-7.30142e-002	2.51397e+002
3.37500e-002	1.08978e-002	5.21669e-003	-2.59380e-001	-7.30142e-002	2.51397e+002
3.62500e-002	1.07809e-002	5.21669e-003	-2.59380e-001	-7.30142e-002	2.51397e+002
3.87500e-002	1.06630e-002	5.21669e-003	-2.59380e-001	-7.30142e-002	2.51397e+002
4.12500e-002	1.05417e-002	5.21669e-003	-2.59380e-001	-7.30142e-002	2.51397e+002
4.37500e-002	1.04159e-002	5.21669e-003	-2.59380e-001	-7.30142e-002	2.51397e+002
4.62500e-002	1.02840e-002	5.21669e-003	-2.59380e-001	-7.30142e-002	2.51397e+002
4.87500e-002	1.01431e-002	5.21669e-003	-2.59380e-001	-7.30142e-002	2.51397e+002
5.12500e-002	9.98454e-003	5.21669e-003	-2.59380e-001	-7.30142e-002	2.51397e+002
5.37500e-002	9.78395e-003	5.21669e-003	-2.59380e-001	-7.30142e-002	2.51397e+002
5.62500e-002	9.47306e-003	5.21669e-003	-2.59380e-001	-7.30142e-002	2.51397e+002
5.87500e-002	8.86578e-003	5.21669e-003	-2.59380e-001	-7.30142e-002	2.51397e+002
6.12500e-002	7.99349e-003	5.21669e-003	-2.59380e-001	-7.30142e-002	2.51397e+002
6.37500e-002	7.07841e-003	5.21669e-003	-2.59380e-001	-7.30142e-002	2.51397e+002
6.62500e-002	6.19310e-003	5.21669e-003	-2.59380e-001	-7.30142e-002	2.51397e+002
6.87500e-002	5.35676e-003	5.21669e-003	-2.59380e-001	-7.30142e-002	2.51397e+002
7.12500e-002	4.57364e-003	5.21669e-003	-2.59380e-001	-7.30142e-002	2.51397e+002
7.37500e-002	3.84564e-003	5.21669e-003	-2.59380e-001	-7.30142e-002	2.51397e+002
7.62500e-002	3.17522e-003	5.21669e-003	-2.59380e-001	-7.30142e-002	2.51397e+002
7.87500e-002	2.56533e-003	5.21669e-003	-2.59380e-001	-7.30142e-002	2.51397e+002
8.12500e-002	2.01883e-003	5.21669e-003	-2.59380e-001	-7.30142e-002	2.51397e+002
8.37500e-002	1.53794e-003	5.21669e-003	-2.59380e-001	-7.30142e-002	2.51397e+002
8.62500e-002	1.12404e-003	5.21669e-003	-2.59380e-001	-7.30142e-002	2.51397e+002
8.87500e-002	7.77468e-004	5.21669e-003	-2.59380e-001	-7.30142e-002	2.51397e+002
9.12500e-002	4.97574e-004	5.21669e-003	-2.59380e-001	-7.30142e-002	2.51397e+002
9.37500e-002	2.82769e-004	5.21669e-003	-2.59380e-001	-7.30142e-002	2.51397e+002
9.62500e-002	1.30618e-004	5.21669e-003	-2.59380e-001	-7.30142e-002	2.51397e+002
9.87500e-002	3.79647e-005	5.21669e-003	-2.59380e-001	-7.30142e-002	2.51397e+002
1.01250e-001	1.05695e-006	5.21669e-003	-2.59380e-001	-7.30142e-002	2.51397e+002
1.03750e-001	1.56747e-005	5.21669e-003	-2.59380e-001	-7.30142e-002	2.51397e+002
1.06250e-001	7.72511e-005	5.21669e-003	-2.59380e-001	-7.30142e-002	2.51397e+002
1.08750e-001	1.80985e-004	5.21669e-003	-2.59380e-001	-7.30142e-002	2.51397e+002
1.11250e-001	3.21943e-004	5.21669e-003	-2.59380e-001	-7.30142e-002	2.51397e+002
1.13750e-001	4.95147e-004	5.21669e-003	-2.59380e-001	-7.30142e-002	2.51397e+002
1.16250e-001	6.95654e-004	5.21669e-003	-2.59380e-001	-7.30142e-002	2.51397e+002
1.18750e-001	9.18629e-004	5.21669e-003	-2.59380e-001	-7.30142e-002	2.51397e+002
1.21250e-001	1.15941e-003	5.21669e-003	-2.59380e-001	-7.30142e-002	2.51397e+002
1.23750e-001	1.41362e-003	5.21669e-003	-2.59380e-001	-7.30142e-002	2.51397e+002
1.26250e-001	1.67722e-003	5.21669e-003	-2.59380e-001	-7.30142e-002	2.51397e+002
1.28750e-001	1.94670e-003	5.21669e-003	-2.59380e-001	-7.30142e-002	2.51397e+002
1.31250e-001	2.21924e-003	5.21669e-003	-2.59380e-001	-7.30142e-002	2.51397e+002
1.33750e-001	2.49263e-003	5.21669e-003	-2.59380e-001	-7.30142e-002	2.51397e+002
1.36250e-001	2.76455e-003	5.21669e-003	-2.59380e-001	-7.30142e-002	2.51397e+002
1.38750e-001	3.02935e-003	5.21669e-003	-2.59380e-001	-7.30142e-002	2.51397e+002
1.41250e-001	3.26880e-003	5.21669e-003	-2.59380e-001	-7.30142e-002	2.51397e+002
1.43750e-001	3.42908e-003	5.21669e-003	-2.59380e-001	-7.30142e-002	2.51397e+002
1.46250e-001	3.50904e-003	5.21669e-003	-2.59380e-001	-7.30142e-002	2.51397e+002
1.48750e-001	3.55845e-003	5.21669e-003	-2.59380e-001	-7.30142e-002	2.51397e+002
1.51250e-001	3.59531e-003	5.21669e-003	-2.59380e-001	-7.30142e-002	2.51397e+002
1.53750e-001	3.62599e-003	5.21669e-003	-2.59380e-001	-7.30142e-002	2.51397e+002
1.56250e-001	3.65264e-003	5.21669e-003	-2.59380e-001	-7.30142e-002	2.51397e+002
1.58750e-001	3.67595e-003	5.21669e-003	-2.59380e-001	-7.30142e-002	2.51397e+002
1.61250e-001	3.69612e-003	5.21669e-003	-2.59380e-001	-7.30142e-002	2.51397e+002
1.63750e-001	3.71313e-003	5.21669e-003	-2.59380e-001	-7.30142e-002	2.51397e+002
1.66250e-001	3.72690e-003	5.21669e-003	-2.59380e-001	-7.30142e-002	2.51397e+002
1.68750e-001	3.73726e-003	5.21669e-003	-2.59380e-001	-7.30142e-002	2.51397e+002
1.71250e-001	3.74145e-003	5.21669e-003	-2.59380e-001	-7.30142e-002	2.51397e+002
1.73750e-001	3.74196e-003	5.21669e-003	-2.59380e-001	-7.30142e-002	2.51397e+002
1.76250e-001	3.74085e-003	5.21669e-003	-2.59380e-001	-7.30142e-002	2.51397e+002
1.78750e-001	3.73763e-003	5.21669e-003	-2.59380e-001	-7.30142e-002	2.51397e+002
1.81250e-001	3.73190e-003	5.21669e-003	-2.59380e-001	-7.30142e-002	2.51397e+002
1.83750e-001	3.72312e-003	5.21669e-003	-2.59380e-001	-7.30142e-002	2.51397e+002
1.86250e-001	3.71036e-003	5.21669e-003	-2.59380e-001	-7.30142e-002	2.51397e+002
1.88750e-001	3.69501e-003	5.21669e-003	-2.59380e-001	-7.30142e-002	2.51397e+002
1.91250e-001	3.67661e-003	5.21669e-003	-2.59380e-001	-7.30142e-002	2.51397e+002
1.93750e-001	3.65287e-003	5.21669e-003	-2.59380e-001	-7.30142e-002	2.51397e+002
1.96250e-001	3.62434e-003	5.21669e-003	-2.59380e-001	-7.30142e-002	2.51397e+002
1.98750e-001	3.59332e-003	5.21669e-003	-2.59380e-001	-7.30142e-002	2.51397e+002
