0.00000e+000	5.56242e-002	2.70216e-002	-1.90106e-001	-8.40268e-002	2.57875e+002
1.25000e-003	5.56254e-002	2.70216e-002	-1.90106e-001	-8.40268e-002	2.57875e+002
3.75000e-003	5.56050e-002	2.70216e-002	-1.90106e-001	-8.40268e-002	2.57875e+002
6.25000e-003	5.55549e-002	2.70216e-002	-1.90106e-001	-8.40268e-002	2.57875e+002
8.75000e-003	5.54723e-002	2.70216e-002	-1.90106e-001	-8.40268e-002	2.57875e+002
1.12500e-002	5.53644e-002	2.70216e-002	-1.90106e-001	-8.40268e-002	2.57875e+002
1.37500e-002	5.52202e-002	2.70216e-002	-1.90106e-001	-8.40268e-002	2.57875e+002
1.62500e-002	5.50328e-002	2.70216e-002	-1.90106e-001	-8.40268e-002	2.57875e+002
1.87500e-002	5.48332e-002	2.70216e-002	-1.90106e-001	-8.40268e-002	2.57875e+002
2.12500e-002	5.46213e-002	2.70216e-002	-1.90106e-001	-8.40268e-002	2.57875e+002
2.37500e-002	5.44033e-002	2.70216e-002	-1.90106e-001	-8.40268e-002	2.57875e+002
2.62500e-002	5.41930e-002	2.70216e-002	-1.90106e-001	-8.40268e-002	2.57875e+002
2.87500e-002	5.40036e-002	2.70216e-002	-1.90106e-001	-8.40268e-002	2.57875e+002
3.12500e-002	5.35795e-002	2.70216e-002	-1.90106e-001	-8.40268e-002	2.57875e+002
3.37500e-002	5.29711e-002	2.70216e-002	-1.90106e-001	-8.40268e-002	2.57875e+002
3.62500e-002	5.23811e-002	2.70216e-002	-1.90106e-001	-8.40268e-002	2.57875e+002
3.87500e-002	5.17830e-002	2.70216e-002	-1.90106e-001	-8.40268e-002	2.57875e+002
4.12500e-002	5.11655e-002	2.70216e-002	-1.90106e-001	-8.40268e-002	2.57875e+002
4.37500e-002	5.05224e-002	2.70216e-002	-1.90106e-001	-8.40268e-002	2.57875e+002
4.62500e-002	4.98465e-002	2.70216e-002	-1.90106e-001	-8.40268e-002	2.57875e+002
4.87500e-002	4.91219e-002	2.70216e-002	-1.90106e-001	-8.40268e-002	2.57875e+002
5.12500e-002	4.83041e-002	2.70216e-002	-1.90106e-001	-8.40268e-002	2.57875e+002
5.37500e-002	4.72667e-002	2.70216e-002	-1.90106e-001	-8.40268e-002	2.57875e+002
5.62500e-002	4.56560e-002	2.70216e-002	-1.90106e-001	-8.40268e-002	2.57875e+002
5.87500e-002	4.25109e-002	2.70216e-002	-1.90106e-001	-8.40268e-002	2.57875e+002
6.12500e-002	3.80006e-002	2.70216e-002	-1.90106e-001	-8.40268e-002	2.57875e+002
6.37500e-002	3.32818e-002	2.70216e-002	-1.90106e-001	-8.40268e-002	2.57875e+002
6.62500e-002	2.87343e-002	2.70216e-002	-1.90106e-001	-8.40268e-002	2.57875e+002
6.87500e-002	2.44626e-002	2.70216e-002	-1.90106e-001	-8.40268e-002	2.57875e+002
7.12500e-002	2.04943e-002	2.70216e-002	-1.90106e-001	-8.40268e-002	2.57875e+002
7.37500e-002	1.68451e-002	2.70216e-002	-1.90106e-001	-8.40268e-002	2.57875e+002
7.62500e-002	1.35321e-002	2.70216e-002	-1.90106e-001	-8.40268e-002	2.57875e+002
7.87500e-002	1.05725e-002	2.70216e-002	-1.90106e-001	-8.40268e-002	2.57875e+002
8.12500e-002	7.98072e-003	2.70216e-002	-1.90106e-001	-8.40268e-002	2.57875e+002
8.37500e-002	5.76496e-003	2.70216e-002	-1.90106e-001	-8.40268e-002	2.57875e+002
8.62500e-002	3.92653e-003	2.70216e-002	-1.90106e-001	-8.40268e-002	2.57875e+002
8.87500e-002	2.45975e-003	2.70216e-002	-1.90106e-001	-8.40268e-002	2.57875e+002
9.12500e-002	1.35267e-003	2.70216e-002	-1.90106e-001	-8.40268e-002	2.57875e+002
9.37500e-002	5.88187e-004	2.70216e-002	-1.90106e-001	-8.40268e-002	2.57875e+002
9.62500e-002	1.45242e-004	2.70216e-002	-1.90106e-001	-8.40268e-002	2.57875e+002
9.87500e-002	4.10729e-008	2.70216e-002	-1.90106e-001	-8.40268e-002	2.57875e+002
1.01250e-001	1.27110e-004	2.70216e-002	-1.90106e-001	-8.40268e-002	2.57875e+002
1.03750e-001	5.00192e-004	2.70216e-002	-1.90106e-001	-8.40268e-002	2.57875e+002
1.06250e-001	1.09295e-003	2.70216e-002	-1.90106e-001	-8.40268e-002	2.57875e+002
1.08750e-001	1.87947e-003	2.70216e-002	-1.90106e-001	-8.40268e-002	2.57875e+002
1.11250e-001	2.83462e-003	2.70216e-002	-1.90106e-001	-8.40268e-002	2.57875e+002
1.13750e-001	3.93426e-003	2.70216e-002	-1.90106e-001	-8.40268e-002	2.57875e+002
1.16250e-001	5.15533e-003	2.70216e-002	-1.90106e-001	-8.40268e-002	2.57875e+002
1.18750e-001	6.47599e-003	2.70216e-002	-1.90106e-001	-8.40268e-002	2.57875e+002
1.21250e-001	7.87569e-003	2.70216e-002	-1.90106e-001	-8.40268e-002	2.57875e+002
1.23750e-001	9.33544e-003	2.70216e-002	-1.90106e-001	-8.40268e-002	2.57875e+002
1.26250e-001	1.08383e-002	2.70216e-002	-1.90106e-001	-8.40268e-002	2.57875e+002
1.28750e-001	1.23701e-002	2.70216e-002	-1.90106e-001	-8.40268e-002	2.57875e+002
1.31250e-001	1.39205e-002	2.70216e-002	-1.90106e-001	-8.40268e-002	2.57875e+002
1.33750e-001	1.54826e-002	2.70216e-002	-1.90106e-001	-8.40268e-002	2.57875e+002
1.36250e-001	1.70482e-002	2.70216e-002	-1.90106e-001	-8.40268e-002	2.57875e+002
1.38750e-001	1.85889e-002	2.70216e-002	-1.90106e-001	-8.40268e-002	2.57875e+002
1.41250e-001	1.99989e-002	2.70216e-002	-1.90106e-001	-8.40268e-002	2.57875e+002
1.43750e-001	2.09547e-002	2.70216e-002	-1.90106e-001	-8.40268e-002	2.57875e+002
1.46250e-001	2.14385e-002	2.70216e-002	-1.90106e-001	-8.40268e-002	2.57875e+002
1.48750e-001	2.17460e-002	2.70216e-002	-1.90106e-001	-8.40268e-002	2.57875e+002
1.51250e-001	2.19843e-002	2.70216e-002	-1.90106e-001	-8.40268e-002	2.57875e+002
1.53750e-001	2.21916e-002	2.70216e-002	-1.90106e-001	-8.40268e-002	2.57875e+002
1.56250e-001	2.23810e-002	2.70216e-002	-1.90106e-001	-8.40268e-002	2.57875e+002
1.58750e-001	2.25574e-002	2.70216e-002	-1.90106e-001	-8.40268e-002	2.57875e+002
1.61250e-001	2.27226e-002	2.70216e-002	-1.90106e-001	-8.40268e-002	2.57875e+002
1.63750e-001	2.28781e-002	2.70216e-002	-1.90106e-001	-8.40268e-002	2.57875e+002
1.66250e-001	2.30260e-002	2.70216e-002	-1.90106e-001	-8.40268e-002	2.57875e+002
1.68750e-001	2.31712e-002	2.70216e-002	-1.90106e-001	-8.40268e-002	2.57875e+002
1.71250e-001	2.32678e-002	2.70216e-002	-1.90106e-001	-8.40268e-002	2.57875e+002
1.73750e-001	2.33113e-002	2.70216e-002	-1.90106e-001	-8.40268e-002	2.57875e+002
1.76250e-001	2.33569e-002	2.70216e-002	-1.90106e-001	-8.40268e-002	2.57875e+002
1.78750e-001	2.34009e-002	2.70216e-002	-1.90106e-001	-8.40268e-002	2.57875e+002
1.81250e-001	2.34397e-002	2.70216e-002	-1.90106e-001	-8.40268e-002	2.57875e+002
1.83750e-001	2.34710e-002	2.70216e-002	-1.90106e-001	-8.40268e-002	2.57875e+002
1.86250e-001	2.34933e-002	2.70216e-002	-1.90106e-001	-8.40268e-002	2.57875e+002
1.88750e-001	2.35026e-002	2.70216e-002	-1.90106e-001	-8.40268e-002	2.57875e+002
1.91250e-001	2.34993e-002	2.70216e-002	-1.90106e-001	-8.40268e-002	2.57875e+002
1.93750e-001	2.34815e-002	2.70216e-002	-1.90106e-001	-8.40268e-002	2.57875e+002
1.96250e-001	2.34476e-002	2.70216e-002	-1.90106e-001	-8.40268e-002	2.57875e+002
1.98750e-001	2.34003e-002	2.70216e-002	-1.90106e-001	-8.40268e-002	2.57875e+002
